0 0.783203 0.174805 0.033594 0.026953
0 0.311523 0.130078 0.023828 0.021094
0 0.406445 0.288086 0.048828 0.048047
0 0.493359 0.317188 0.027344 0.021094
0 0.481055 0.342383 0.026953 0.019922
0 0.184570 0.262891 0.042578 0.032031
0 0.184570 0.301758 0.038672 0.028516
0 0.276562 0.350000 0.034375 0.042188
0 0.233789 0.330273 0.034766 0.041016
0 0.357812 0.392969 0.036719 0.045312
0 0.135547 0.430273 0.049219 0.037891
0 0.629492 0.361719 0.030859 0.039062
0 0.603906 0.406445 0.048438 0.044922
0 0.671680 0.384180 0.032422 0.032422
0 0.710938 0.402734 0.041406 0.030469
0 0.763086 0.434180 0.033203 0.034766
0 0.788477 0.466797 0.033984 0.035937
0 0.675391 0.509180 0.036719 0.024609
0 0.839648 0.484180 0.027734 0.034766
0 0.876758 0.494336 0.030859 0.035547
0 0.908203 0.523047 0.035156 0.032031
0 0.919531 0.560742 0.032813 0.028516
0 0.940625 0.594336 0.035156 0.031641
0 0.869141 0.688086 0.029687 0.032422
0 0.795898 0.662305 0.026953 0.031641
0 0.803125 0.793750 0.028906 0.033594
0 0.761523 0.889648 0.027734 0.027734
0 0.726953 0.870117 0.031250 0.031641
0 0.686328 0.849609 0.039062 0.047656
0 0.729883 0.754492 0.036328 0.036328
0 0.696289 0.973242 0.029297 0.032422
1 0.730859 0.986914 0.035156 0.024609
0 0.412109 0.494922 0.028906 0.032031
0 0.318555 0.575195 0.030859 0.034766
0 0.268555 0.565430 0.029297 0.030859
0 0.216211 0.542969 0.050391 0.061719
0 0.173437 0.495508 0.032031 0.039453
0 0.109375 0.488477 0.050000 0.060547
0 0.055078 0.459570 0.050000 0.062891
0 0.100586 0.607422 0.047266 0.054688
