0 0.688672 0.401367 0.039062 0.046484
0 0.823242 0.472461 0.023828 0.026953
0 0.363867 0.419727 0.052734 0.046484
0 0.263672 0.491016 0.026562 0.021094
0 0.310547 0.542383 0.039844 0.041016
0 0.410547 0.505469 0.025781 0.025781
0 0.475391 0.536914 0.024219 0.028516
0 0.545117 0.564453 0.028516 0.029687
0 0.589453 0.592578 0.040625 0.058594
0 0.624023 0.641016 0.025391 0.024219
0 0.662500 0.636914 0.023438 0.029297
0 0.744922 0.696875 0.021875 0.025781
0 0.817578 0.651563 0.025781 0.026562
0 0.834961 0.747852 0.022266 0.025391
0 0.880469 0.777539 0.025000 0.026172
0 0.926172 0.798242 0.031250 0.024609
0 0.923047 0.850391 0.045312 0.042969
0 0.871289 0.945117 0.051953 0.045703
0 0.358594 0.585742 0.045312 0.041797
0 0.631250 0.066211 0.012500 0.015234
