0 0.080664 0.099609 0.027734 0.030469
0 0.171484 0.151953 0.025781 0.025000
0 0.251953 0.207422 0.021875 0.030469
0 0.275586 0.235937 0.021484 0.025000
0 0.301563 0.227539 0.027344 0.024609
0 0.314258 0.260937 0.021484 0.023438
0 0.146484 0.300781 0.028906 0.027344
0 0.391992 0.301758 0.019141 0.020703
0 0.402539 0.281836 0.014453 0.016016
0 0.485547 0.333203 0.019531 0.018750
0 0.504297 0.348633 0.023438 0.022266
0 0.506836 0.371094 0.022266 0.014844
0 0.490820 0.377344 0.017578 0.021875
0 0.674805 0.206836 0.028516 0.029297
0 0.715234 0.302344 0.026562 0.022656
0 0.697656 0.333203 0.028125 0.024219
0 0.752539 0.520312 0.056641 0.063281
0 0.266211 0.698828 0.053516 0.044531
0 0.344727 0.749219 0.029297 0.028906
0 0.401758 0.783203 0.027734 0.025781
0 0.473438 0.666602 0.063281 0.046484
0 0.657227 0.942773 0.055859 0.046484
