0 0.376367 0.217383 0.028516 0.027734
0 0.366992 0.267969 0.042578 0.039844
0 0.351758 0.317578 0.052734 0.042188
0 0.334961 0.366992 0.044922 0.044141
0 0.229492 0.363477 0.026953 0.023828
0 0.195312 0.417578 0.042188 0.053125
0 0.240234 0.429883 0.027344 0.029297
0 0.169531 0.528711 0.025000 0.028516
0 0.254883 0.548828 0.026172 0.031250
0 0.283203 0.605469 0.028906 0.025000
0 0.268555 0.652734 0.044141 0.045312
0 0.177930 0.736719 0.029297 0.031250
0 0.258984 0.705078 0.026562 0.023438
0 0.104492 0.858398 0.028516 0.024609
0 0.229687 0.804297 0.031250 0.027344
0 0.364258 0.734375 0.047266 0.042188
0 0.351562 0.785156 0.042188 0.039062
0 0.338477 0.833984 0.042578 0.044531
0 0.530664 0.620898 0.043359 0.050391
0 0.782422 0.682227 0.021094 0.030078
0 0.734766 0.675977 0.041406 0.051953
0 0.685937 0.665039 0.039062 0.053516
0 0.638477 0.652148 0.043359 0.054297
0 0.636914 0.756055 0.034766 0.034766
0 0.806641 0.741016 0.049219 0.046875
0 0.686328 0.787695 0.046875 0.055859
0 0.796289 0.792773 0.046484 0.039453
0 0.892383 0.870508 0.041797 0.041797
0 0.878516 0.922266 0.046875 0.043750
0 0.758398 0.940820 0.046484 0.041016
0 0.533789 0.729883 0.027734 0.025391
0 0.592187 0.900391 0.017188 0.021094
0 0.975000 0.535742 0.025781 0.026953
0 0.961914 0.574219 0.026953 0.020313
