0 0.208008 0.127148 0.052734 0.062109
0 0.162305 0.300195 0.050391 0.065234
0 0.226367 0.326562 0.048828 0.057813
0 0.367188 0.209766 0.042969 0.053906
0 0.342187 0.426758 0.056250 0.052734
0 0.254492 0.804883 0.060547 0.049609
0 0.402148 0.709570 0.069922 0.052734
0 0.424805 0.821094 0.044141 0.034375
0 0.425000 0.892969 0.061719 0.054688
0 0.437500 0.960156 0.064844 0.046875
0 0.686133 0.952734 0.038672 0.025000
0 0.663867 0.779102 0.039453 0.030859
0 0.642578 0.686133 0.065625 0.057422
0 0.633008 0.608984 0.066016 0.062500
0 0.623828 0.529102 0.053906 0.055859
0 0.636719 0.392578 0.057813 0.055469
0 0.664648 0.331641 0.055859 0.050000
0 0.724023 0.271484 0.053516 0.062500
0 0.896484 0.516016 0.064062 0.075000
0 0.795898 0.626758 0.058984 0.056641
0 0.808594 0.748633 0.057031 0.052734
0 0.827344 0.871484 0.055469 0.057813
0 0.554883 0.183008 0.042578 0.041797
0 0.653516 0.112500 0.043750 0.042188
0 0.699023 0.076953 0.042578 0.052344
0 0.744727 0.042383 0.038672 0.033203
