0 0.841016 0.840039 0.027344 0.027734
0 0.809570 0.872852 0.030859 0.029297
0 0.769922 0.861719 0.026562 0.028125
0 0.743945 0.829688 0.028516 0.027344
0 0.851367 0.772461 0.029297 0.029297
0 0.833398 0.734570 0.027734 0.029297
0 0.817969 0.703711 0.028906 0.028516
0 0.803320 0.674414 0.029297 0.023828
0 0.785352 0.644727 0.027734 0.028516
0 0.697852 0.725977 0.028516 0.028516
0 0.768164 0.615234 0.030078 0.027344
0 0.420703 0.128906 0.039844 0.039844
0 0.511523 0.559961 0.027734 0.030859
0 0.456055 0.618555 0.030078 0.030078
0 0.505664 0.660547 0.030078 0.031250
0 0.271875 0.758398 0.030469 0.027734
0 0.313672 0.719727 0.032813 0.030859
0 0.234766 0.467969 0.030469 0.035937
0 0.304688 0.440039 0.027344 0.028516
0 0.247461 0.383398 0.025391 0.032422
0 0.236328 0.288672 0.025000 0.033594
0 0.190234 0.295312 0.026562 0.028906
0 0.254492 0.059961 0.027734 0.039453
