0 0.527539 0.062109 0.048047 0.046875
0 0.432031 0.115039 0.044531 0.051172
0 0.383594 0.142383 0.046094 0.049609
0 0.200781 0.316602 0.056250 0.047266
0 0.188672 0.400586 0.046875 0.047266
0 0.239844 0.370898 0.046094 0.051953
0 0.286719 0.338086 0.046094 0.046484
0 0.352344 0.303320 0.046094 0.045703
0 0.403711 0.274023 0.044141 0.047266
0 0.455078 0.243359 0.049219 0.055469
0 0.508203 0.214258 0.043750 0.055859
0 0.559180 0.182617 0.049609 0.058984
0 0.465039 0.412891 0.062891 0.045312
0 0.492578 0.463477 0.057813 0.045703
0 0.519336 0.516016 0.060547 0.044531
0 0.555078 0.574414 0.063281 0.052734
0 0.585547 0.625195 0.060937 0.049609
0 0.669336 0.631836 0.047266 0.058203
0 0.643555 0.719922 0.055859 0.046875
0 0.676172 0.784375 0.056250 0.047656
0 0.695117 0.859570 0.048047 0.044922
0 0.728711 0.913477 0.055859 0.046484
0 0.890820 0.823633 0.041016 0.049609
0 0.944922 0.795898 0.035156 0.043359
0 0.849805 0.599023 0.058203 0.048828
0 0.690625 0.485547 0.038281 0.027344
0 0.748047 0.449023 0.028906 0.026953
