0 0.032422 0.361133 0.052344 0.055078
0 0.896289 0.162695 0.048828 0.047266
0 0.929297 0.258789 0.046875 0.044141
0 0.947461 0.310742 0.048047 0.044922
0 0.783594 0.235352 0.030469 0.025391
0 0.793945 0.265039 0.028516 0.025391
0 0.781445 0.345898 0.025391 0.027734
0 0.690430 0.273047 0.037109 0.029687
0 0.703125 0.302539 0.031250 0.023828
0 0.719336 0.366406 0.025391 0.032031
0 0.805078 0.391406 0.032031 0.028906
0 0.931250 0.375000 0.051562 0.044531
0 0.478906 0.358398 0.045312 0.054297
0 0.914648 0.425977 0.029297 0.033203
0 0.826562 0.461328 0.042969 0.050781
0 0.730078 0.493750 0.042969 0.053125
0 0.485547 0.431055 0.053125 0.049609
0 0.566016 0.465820 0.051562 0.046484
0 0.627930 0.526563 0.045703 0.059375
0 0.578320 0.543164 0.045703 0.059766
0 0.291602 0.423438 0.023828 0.030469
0 0.215625 0.433008 0.046875 0.044922
0 0.146289 0.461328 0.030859 0.029687
0 0.386328 0.598047 0.041406 0.048438
0 0.340234 0.575195 0.041406 0.049609
0 0.294141 0.553125 0.042969 0.046875
0 0.248828 0.530859 0.039844 0.047656
0 0.202344 0.512695 0.046875 0.046484
0 0.874805 0.565430 0.046484 0.051953
0 0.826758 0.581836 0.042578 0.047266
0 0.762695 0.602930 0.040234 0.046484
0 0.717383 0.615430 0.023828 0.030078
0 0.664648 0.636328 0.041797 0.046094
0 0.690625 0.769727 0.029687 0.027734
0 0.565039 0.718359 0.046484 0.039062
0 0.542969 0.768359 0.045312 0.039062
0 0.522852 0.811328 0.032422 0.025000
0 0.451172 0.691406 0.051562 0.046875
0 0.427148 0.737891 0.057422 0.046094
0 0.403516 0.796875 0.037500 0.029687
0 0.355273 0.885352 0.051953 0.043359
0 0.334180 0.931836 0.048828 0.042578
0 0.321094 0.695508 0.036719 0.028516
0 0.172852 0.626758 0.030078 0.030859
0 0.211523 0.652539 0.026172 0.030859
0 0.300977 0.730273 0.033984 0.023828
0 0.266211 0.800391 0.032422 0.025000
0 0.250000 0.860352 0.024219 0.022266
0 0.030469 0.617383 0.040625 0.029297
0 0.040039 0.649219 0.029297 0.028125
0 0.049414 0.678320 0.028516 0.025391
0 0.065430 0.739258 0.031641 0.026953
1 0.987305 0.565234 0.024609 0.038281
1 0.011523 0.948047 0.023047 0.034375
