0 0.560937 0.104883 0.030469 0.033984
0 0.392773 0.113281 0.030078 0.028906
0 0.205273 0.112305 0.026172 0.026172
0 0.175781 0.117188 0.023438 0.028906
0 0.338086 0.960938 0.049609 0.048438
0 0.425391 0.156250 0.030469 0.028125
0 0.449805 0.192578 0.033984 0.029687
0 0.503906 0.423438 0.029687 0.033594
0 0.485156 0.469922 0.033594 0.030469
0 0.461719 0.563086 0.039844 0.032422
0 0.458984 0.604492 0.036719 0.030859
0 0.482617 0.648438 0.053516 0.049219
0 0.466211 0.745313 0.031641 0.027344
0 0.408789 0.875586 0.052734 0.045703
0 0.558398 0.865039 0.056641 0.054297
