0 0.706641 0.040039 0.047656 0.058984
0 0.830078 0.140234 0.053125 0.058594
1 0.637695 0.014258 0.048828 0.028516
1 0.649609 0.990625 0.047656 0.017969
1 0.312109 0.978320 0.047656 0.041016
0 0.108594 0.185742 0.031250 0.026172
0 0.255469 0.275977 0.057031 0.044922
0 0.367188 0.344727 0.031250 0.030859
0 0.485547 0.418945 0.053906 0.048828
0 0.613477 0.496289 0.030078 0.024609
0 0.695508 0.428906 0.044141 0.044531
0 0.720117 0.528125 0.049609 0.049219
0 0.780859 0.565234 0.059375 0.054688
0 0.875195 0.656445 0.056641 0.049609
0 0.790820 0.899219 0.051953 0.051562
0 0.344336 0.828125 0.045703 0.053906
0 0.290234 0.794922 0.046094 0.046875
0 0.127930 0.691016 0.051172 0.054688
0 0.089844 0.852148 0.052344 0.058984
0 0.902344 0.178125 0.039844 0.049219
