0 0.477148 0.087891 0.044141 0.050000
0 0.339648 0.060937 0.048047 0.039062
0 0.505273 0.144922 0.069922 0.051562
0 0.504687 0.210547 0.051562 0.062500
0 0.453711 0.242773 0.048047 0.055859
0 0.401562 0.273047 0.042188 0.052344
0 0.350000 0.302734 0.043750 0.050781
0 0.238086 0.371680 0.045703 0.048828
0 0.190625 0.405273 0.038281 0.041016
0 0.490039 0.464453 0.054297 0.051562
0 0.523438 0.517383 0.057813 0.051953
0 0.627148 0.430469 0.059766 0.049219
0 0.866992 0.320703 0.026172 0.032031
0 0.646680 0.570898 0.043359 0.050391
0 0.771875 0.649023 0.057813 0.042578
0 0.849219 0.601172 0.063281 0.053125
0 0.948242 0.693945 0.049609 0.062891
0 0.946289 0.795312 0.036328 0.046094
0 0.891211 0.823438 0.044141 0.046875
0 0.695898 0.861914 0.051172 0.050391
0 0.735156 0.912305 0.030469 0.023828
0 0.640820 0.723242 0.047266 0.048828
0 0.612695 0.676172 0.055859 0.051562
0 0.583008 0.628320 0.055859 0.047266
0 0.803516 0.699414 0.059375 0.041016
