0 0.269336 0.146289 0.050391 0.042578
0 0.372070 0.214844 0.047266 0.041406
0 0.363867 0.265625 0.051953 0.043750
0 0.287695 0.310547 0.044141 0.050000
0 0.342578 0.367773 0.026562 0.022266
0 0.975781 0.536523 0.024219 0.023828
0 0.214062 0.537891 0.024219 0.025781
0 0.253711 0.546094 0.022266 0.027344
0 0.281836 0.605859 0.025391 0.023438
0 0.265820 0.651367 0.048828 0.044141
0 0.112695 0.751172 0.051953 0.053906
0 0.258203 0.703516 0.025781 0.026562
0 0.227734 0.800977 0.050781 0.045703
0 0.386719 0.634961 0.039844 0.040234
0 0.363477 0.734766 0.048828 0.046094
0 0.351758 0.785156 0.049609 0.043750
0 0.339062 0.834180 0.043750 0.042578
0 0.483984 0.604883 0.024219 0.029297
0 0.532813 0.616602 0.021875 0.024609
0 0.575977 0.634961 0.025391 0.030078
0 0.686914 0.660352 0.040234 0.041797
0 0.780664 0.688086 0.023828 0.027734
0 0.506836 0.821875 0.051172 0.045312
0 0.635742 0.757812 0.033203 0.033594
0 0.918945 0.771094 0.044922 0.041406
0 0.901758 0.821484 0.026953 0.025000
0 0.949414 0.899023 0.041797 0.049609
0 0.780078 0.839844 0.052344 0.042969
0 0.768945 0.889258 0.053516 0.041797
0 0.756836 0.938867 0.054297 0.045703
0 0.612305 0.851562 0.039453 0.042188
0 0.861328 0.968945 0.023438 0.025391
