0 0.258203 0.163867 0.035156 0.039453
0 0.314258 0.178711 0.051172 0.054297
0 0.552344 0.179688 0.038281 0.044531
0 0.614844 0.040820 0.057031 0.049609
0 0.743359 0.042969 0.043750 0.049219
0 0.721094 0.269727 0.061719 0.062109
0 0.636328 0.392188 0.067969 0.051562
0 0.693750 0.452148 0.056250 0.046484
0 0.627344 0.607617 0.067187 0.063672
0 0.806836 0.750195 0.062109 0.049609
0 0.676758 0.873047 0.036328 0.030469
0 0.632812 0.753125 0.037500 0.035937
0 0.434570 0.960352 0.062891 0.050391
0 0.425000 0.891016 0.071875 0.060937
0 0.400000 0.637305 0.075000 0.061328
0 0.386523 0.560156 0.066797 0.055469
0 0.229687 0.577734 0.060156 0.051562
0 0.370898 0.484961 0.062109 0.045703
0 0.340820 0.426172 0.058203 0.053906
0 0.267773 0.901953 0.043359 0.035156
