0 0.702148 0.924805 0.042578 0.048047
0 0.802930 0.808398 0.031641 0.024609
0 0.686523 0.847461 0.043359 0.037109
0 0.649609 0.804297 0.043750 0.036719
0 0.706445 0.687109 0.041797 0.039844
0 0.684766 0.643945 0.027344 0.023047
0 0.616992 0.766602 0.025391 0.023828
0 0.706445 0.486133 0.023047 0.027734
0 0.749023 0.361719 0.023828 0.030469
0 0.777930 0.376367 0.026172 0.028516
0 0.913086 0.255859 0.024609 0.028906
0 0.934570 0.147656 0.023828 0.030469
0 0.893164 0.139258 0.026172 0.029297
0 0.853906 0.126172 0.027344 0.029687
0 0.904102 0.030469 0.024609 0.029687
0 0.932422 0.039844 0.025781 0.028906
0 0.960742 0.046094 0.025391 0.030469
0 0.591992 0.719141 0.023047 0.032813
0 0.504883 0.894531 0.026953 0.023438
0 0.529687 0.929688 0.029687 0.024219
0 0.557813 0.961328 0.026562 0.024219
1 0.583594 0.990820 0.026562 0.017578
0 0.181055 0.961914 0.019922 0.024609
0 0.210156 0.975000 0.017188 0.021875
0 0.224805 0.858203 0.015234 0.020313
0 0.205664 0.867773 0.014453 0.021484
0 0.147070 0.894531 0.013672 0.020313
0 0.127930 0.904687 0.013672 0.021875
0 0.133984 0.820703 0.022656 0.026562
0 0.096484 0.825391 0.025000 0.030469
0 0.068945 0.838672 0.023828 0.025781
0 0.036719 0.850000 0.023438 0.029687
0 0.009375 0.845117 0.018750 0.023047
0 0.096875 0.693359 0.040625 0.042188
0 0.144336 0.668945 0.023828 0.025391
0 0.191016 0.656641 0.022656 0.029687
0 0.237891 0.636523 0.024219 0.033984
0 0.068750 0.577930 0.025000 0.028516
0 0.181250 0.525586 0.022656 0.026953
0 0.221484 0.509180 0.021094 0.026953
0 0.165625 0.369531 0.026562 0.031250
0 0.198242 0.243945 0.025391 0.027734
0 0.143750 0.242578 0.026562 0.029687
0 0.232031 0.086523 0.027344 0.028516
0 0.204492 0.078125 0.024609 0.028906
0 0.170898 0.069922 0.023047 0.027344
0 0.132227 0.045898 0.029297 0.023047
