0 0.340625 0.057617 0.072656 0.066797
0 0.624414 0.213086 0.062109 0.062891
0 0.848633 0.268164 0.083203 0.075391
0 0.441602 0.159766 0.064453 0.061719
0 0.386133 0.227930 0.068359 0.062109
0 0.262305 0.212109 0.073828 0.075000
0 0.345703 0.293359 0.065625 0.058594
0 0.314844 0.364258 0.062500 0.058203
0 0.488281 0.431445 0.075000 0.066797
0 0.685742 0.441797 0.037891 0.048438
0 0.899609 0.612109 0.065625 0.073438
0 0.811719 0.743359 0.027344 0.036719
0 0.716992 0.736523 0.039453 0.041016
0 0.440430 0.491406 0.067578 0.058594
0 0.415820 0.550391 0.038672 0.035937
0 0.503516 0.576172 0.064062 0.065625
0 0.580078 0.639258 0.062500 0.062891
0 0.548047 0.695117 0.041406 0.046484
0 0.485938 0.716211 0.066406 0.069141
0 0.368164 0.707031 0.066797 0.071875
0 0.281445 0.436914 0.069141 0.059766
0 0.242773 0.496680 0.062109 0.057422
0 0.896094 0.870508 0.037500 0.046484
0 0.803320 0.863086 0.039453 0.044922
0 0.478125 0.855078 0.053125 0.061719
0 0.537305 0.884766 0.037891 0.037500
0 0.305469 0.833594 0.028906 0.042188
0 0.419336 0.855078 0.040234 0.043750
0 0.035742 0.170703 0.066797 0.068750
0 0.123047 0.166797 0.071875 0.079687
