0 0.411719 0.120117 0.060156 0.052734
0 0.353320 0.158008 0.021484 0.019141
0 0.916406 0.162109 0.054688 0.050000
0 0.627148 0.368164 0.027734 0.032422
0 0.404492 0.289062 0.041797 0.050000
0 0.238086 0.222070 0.047266 0.058984
0 0.137891 0.191211 0.030469 0.037109
0 0.195703 0.236328 0.031250 0.047656
0 0.185352 0.301953 0.040234 0.032031
0 0.230469 0.331055 0.030469 0.038672
0 0.273242 0.351367 0.031641 0.037109
0 0.303906 0.248242 0.026562 0.021484
0 0.277539 0.230469 0.019141 0.022656
0 0.348438 0.268164 0.030469 0.041797
0 0.451758 0.272461 0.022266 0.026953
0 0.494336 0.298047 0.017578 0.020313
0 0.490234 0.321680 0.023438 0.020703
0 0.474414 0.347656 0.019141 0.019531
0 0.670898 0.387695 0.030859 0.031641
0 0.708398 0.405273 0.038672 0.026953
0 0.577930 0.474414 0.027734 0.030859
0 0.707031 0.444336 0.035937 0.029297
0 0.687500 0.476367 0.031250 0.027734
0 0.673047 0.513477 0.033594 0.026953
0 0.340234 0.554492 0.028125 0.030859
0 0.314063 0.581641 0.025781 0.032031
0 0.265820 0.577344 0.048828 0.052344
0 0.212109 0.545312 0.051562 0.065625
0 0.106836 0.491406 0.047266 0.057813
0 0.052539 0.464453 0.050391 0.059375
0 0.099219 0.609375 0.044531 0.047656
0 0.153711 0.639844 0.041797 0.054688
0 0.033594 0.652148 0.035156 0.026172
0 0.834961 0.487305 0.024609 0.034766
0 0.875195 0.499609 0.029297 0.034375
0 0.903320 0.525977 0.033203 0.032422
0 0.918555 0.563477 0.032422 0.026953
0 0.938281 0.596289 0.034375 0.031641
0 0.954102 0.689063 0.026953 0.032813
0 0.901758 0.701367 0.028516 0.031641
0 0.877734 0.744336 0.034375 0.027734
0 0.865234 0.689258 0.028125 0.030859
0 0.729492 0.758398 0.028516 0.032422
0 0.766602 0.776953 0.029297 0.030469
0 0.803125 0.794727 0.032031 0.033984
0 0.822852 0.876367 0.021484 0.024609
0 0.790625 0.902930 0.025000 0.029297
0 0.756055 0.889062 0.026953 0.031250
0 0.722656 0.868945 0.033594 0.042578
1 0.724023 0.987891 0.031641 0.021094
0 0.692773 0.981836 0.023047 0.032422
0 0.423438 0.927734 0.051562 0.055469
0 0.364258 0.978906 0.058203 0.039844
0 0.241211 0.985352 0.033203 0.025391
1 0.011719 0.433594 0.023438 0.056250
1 0.009180 0.550391 0.017578 0.056250
1 0.087109 0.978906 0.064062 0.038281
