0 0.585156 0.012109 0.027344 0.023438
0 0.875391 0.034961 0.041406 0.041797
1 0.982617 0.112891 0.034766 0.039062
0 0.488477 0.199609 0.038672 0.042188
0 0.453125 0.176953 0.018750 0.027344
0 0.426758 0.166016 0.019922 0.028906
0 0.422266 0.340039 0.038281 0.040234
0 0.377930 0.313867 0.023047 0.026953
0 0.331055 0.299219 0.038672 0.044531
0 0.297461 0.429688 0.038672 0.040625
0 0.248438 0.408789 0.042969 0.049609
0 0.838867 0.420703 0.023047 0.021875
0 0.828125 0.446875 0.023438 0.021875
0 0.815234 0.473633 0.025000 0.023047
0 0.806055 0.500000 0.024609 0.021094
0 0.781836 0.552930 0.022266 0.023047
0 0.760352 0.604688 0.023047 0.021875
0 0.771289 0.674805 0.025391 0.026953
0 0.738672 0.657422 0.023438 0.021875
0 0.727344 0.684180 0.023438 0.022266
0 0.691992 0.768945 0.023828 0.023828
0 0.668555 0.823242 0.023828 0.021484
