0 0.326953 0.300977 0.038281 0.043359
0 0.372656 0.319141 0.037500 0.042969
0 0.488477 0.199609 0.038672 0.042969
0 0.439063 0.178516 0.049219 0.050000
0 0.381641 0.160156 0.039062 0.042188
0 0.341602 0.449609 0.043359 0.049219
0 0.733984 0.154297 0.044531 0.040625
0 0.981836 0.114648 0.037109 0.043359
0 0.788281 0.307617 0.019531 0.024609
0 0.879102 0.350586 0.041797 0.053516
0 0.826367 0.448437 0.023828 0.022656
0 0.815820 0.474219 0.023828 0.022656
0 0.805469 0.500000 0.022656 0.021875
0 0.750781 0.631445 0.025781 0.023047
0 0.718359 0.711133 0.021875 0.023828
0 0.699414 0.745313 0.025391 0.020313
0 0.690234 0.770117 0.021875 0.019922
0 0.327539 0.299805 0.040234 0.045703
0 0.372461 0.317969 0.037109 0.043750
0 0.487500 0.198242 0.039844 0.044922
0 0.880273 0.351172 0.042578 0.049219
0 0.788477 0.307031 0.022266 0.024219
0 0.827344 0.447461 0.028125 0.023047
0 0.816797 0.473242 0.027344 0.023047
0 0.805664 0.499805 0.026172 0.023047
0 0.750195 0.631250 0.025391 0.023438
0 0.718359 0.710547 0.023438 0.022656
0 0.700781 0.744922 0.026562 0.022656
0 0.689453 0.770703 0.022656 0.021094
0 0.343164 0.449805 0.041016 0.050391
0 0.438672 0.178711 0.050000 0.050391
0 0.382812 0.159375 0.037500 0.041406
1 0.980664 0.115039 0.038672 0.039453
0 0.733789 0.153711 0.045703 0.038672
1 0.893555 0.005469 0.037891 0.010937
