0 0.180664 0.126758 0.073047 0.064453
0 0.166797 0.263086 0.069531 0.058984
0 0.300391 0.218945 0.053125 0.058203
0 0.375977 0.218359 0.067578 0.075781
0 0.571680 0.199414 0.040234 0.032422
0 0.623437 0.249219 0.039844 0.034375
0 0.427344 0.263477 0.064062 0.055859
0 0.170313 0.356445 0.068750 0.064453
0 0.285938 0.460547 0.078125 0.067187
0 0.414648 0.481836 0.063672 0.055859
0 0.510547 0.382422 0.060937 0.050781
0 0.884570 0.033008 0.076953 0.066016
0 0.160742 0.564063 0.069922 0.064062
0 0.257617 0.542578 0.069922 0.060156
0 0.296875 0.612891 0.063281 0.056250
0 0.207617 0.709180 0.064453 0.055859
0 0.345703 0.676367 0.074219 0.059766
0 0.249023 0.780078 0.073828 0.062500
0 0.299609 0.842187 0.063281 0.053906
0 0.343945 0.908203 0.062109 0.050781
0 0.930664 0.905273 0.037109 0.044141
0 0.818555 0.924219 0.085547 0.083594
0 0.644531 0.846484 0.038281 0.035156
0 0.615820 0.808398 0.039453 0.035547
0 0.455078 0.545117 0.072656 0.059766
0 0.501563 0.601367 0.060937 0.055859
1 0.916211 0.994727 0.016797 0.010547
