0 0.075000 0.101367 0.026562 0.033984
0 0.130469 0.224219 0.035937 0.026562
0 0.412695 0.245508 0.019141 0.028516
0 0.384570 0.261328 0.015234 0.021875
0 0.650000 0.296875 0.017969 0.028906
0 0.682227 0.292969 0.025391 0.032031
0 0.715039 0.287891 0.027734 0.033594
0 0.747461 0.292187 0.021484 0.027344
0 0.926562 0.048047 0.033594 0.030469
0 0.946875 0.081445 0.034375 0.026953
0 0.923828 0.139844 0.031250 0.023438
0 0.899023 0.173242 0.033203 0.025391
0 0.883203 0.204297 0.025781 0.025781
0 0.853711 0.224805 0.026953 0.028516
0 0.813086 0.281250 0.023047 0.031250
0 0.778516 0.283984 0.025781 0.034375
0 0.862109 0.316602 0.030469 0.038672
0 0.918945 0.294922 0.023828 0.029687
0 0.941406 0.431250 0.027344 0.025781
0 0.976953 0.484570 0.021875 0.023828
0 0.904297 0.543750 0.029687 0.024219
0 0.912109 0.580859 0.029687 0.025000
0 0.916992 0.620898 0.032422 0.028516
0 0.910937 0.662305 0.025781 0.022266
0 0.970898 0.803711 0.019141 0.026953
0 0.955664 0.834570 0.029297 0.027734
0 0.917383 0.891211 0.025391 0.023828
0 0.902148 0.922070 0.035547 0.028516
0 0.951758 0.953320 0.026953 0.027734
0 0.819531 0.882422 0.027344 0.034375
0 0.882227 0.802344 0.023828 0.022656
0 0.758984 0.917969 0.014844 0.027344
0 0.725586 0.924023 0.016016 0.024609
0 0.638477 0.927734 0.019141 0.023438
1 0.008008 0.145703 0.016016 0.038281
