1 0.634961 0.013281 0.054297 0.025781
0 0.699609 0.039453 0.055469 0.062500
0 0.757422 0.098828 0.056250 0.060156
0 0.823242 0.139648 0.053516 0.058984
0 0.895508 0.178711 0.054297 0.058203
0 0.798047 0.202344 0.052344 0.049219
0 0.834180 0.337891 0.026172 0.032813
0 0.854883 0.482227 0.058984 0.054297
0 0.711523 0.528516 0.051172 0.060156
0 0.606641 0.494727 0.055469 0.048047
0 0.487891 0.420703 0.054688 0.048438
0 0.222656 0.665820 0.057813 0.054297
0 0.640625 0.929492 0.050000 0.057422
0 0.433008 0.968945 0.058203 0.048047
0 0.345313 0.823242 0.056250 0.057422
0 0.084180 0.852539 0.057422 0.055078
