0 0.320508 0.014063 0.037891 0.028125
0 0.391797 0.112695 0.030469 0.027734
0 0.425586 0.154492 0.033203 0.028516
0 0.448633 0.192773 0.032422 0.033984
0 0.478711 0.233789 0.044922 0.048047
0 0.505859 0.337891 0.027344 0.034375
0 0.501172 0.418750 0.027344 0.032031
0 0.736133 0.287891 0.030078 0.035156
0 0.485156 0.645508 0.052344 0.051953
0 0.467969 0.748633 0.034375 0.030078
0 0.455469 0.798633 0.032813 0.028516
0 0.379102 0.929102 0.048828 0.047266
0 0.339648 0.961719 0.050391 0.052344
1 0.237305 0.993359 0.042578 0.013281
