1 0.984766 0.953125 0.028125 0.032031
0 0.906641 0.962695 0.032813 0.029297
0 0.925000 0.931055 0.039062 0.026953
0 0.887695 0.884180 0.037109 0.025391
0 0.908789 0.842187 0.038672 0.030469
0 0.842773 0.842187 0.025391 0.028125
0 0.840039 0.773633 0.027734 0.036328
0 0.764453 0.791797 0.028906 0.035156
0 0.731836 0.783008 0.027734 0.035547
0 0.823828 0.662695 0.042969 0.048828
0 0.855469 0.635742 0.029687 0.030859
0 0.871484 0.605078 0.028125 0.029687
0 0.784180 0.676562 0.025391 0.031250
0 0.750391 0.677148 0.028125 0.033984
0 0.715820 0.677344 0.026953 0.031250
0 0.683984 0.687500 0.031250 0.033594
0 0.651563 0.775781 0.028906 0.033594
0 0.899609 0.539844 0.027344 0.026562
0 0.935742 0.462109 0.036328 0.029687
0 0.926172 0.351367 0.034375 0.028516
0 0.914453 0.322461 0.028125 0.028516
0 0.906641 0.289258 0.032813 0.028516
0 0.891992 0.262695 0.026953 0.028516
0 0.866211 0.238281 0.027734 0.030469
0 0.938477 0.161914 0.031641 0.029297
0 0.815430 0.191211 0.026172 0.029297
0 0.780078 0.180664 0.024219 0.030859
0 0.742773 0.176758 0.028516 0.030078
0 0.709961 0.176367 0.029297 0.027734
0 0.679297 0.171680 0.026562 0.032422
0 0.649023 0.148633 0.029297 0.030859
0 0.397266 0.154102 0.015625 0.022266
0 0.371094 0.153711 0.017188 0.025391
0 0.345703 0.158398 0.018750 0.026953
0 0.316992 0.166016 0.021484 0.023438
0 0.205078 0.172852 0.018750 0.024609
0 0.183398 0.174219 0.016016 0.023438
0 0.144141 0.168359 0.018750 0.023438
0 0.119531 0.173242 0.018750 0.023047
0 0.072852 0.168945 0.021484 0.016016
0 0.063281 0.222266 0.020313 0.016406
0 0.119141 0.227344 0.020313 0.015625
0 0.152539 0.234375 0.020703 0.016406
0 0.200781 0.039258 0.032813 0.018359
0 0.174023 0.289844 0.021484 0.024219
0 0.156641 0.330273 0.024219 0.019922
0 0.150977 0.352539 0.026953 0.019141
0 0.133984 0.373633 0.027344 0.022266
0 0.140820 0.401758 0.026953 0.019922
0 0.137109 0.454492 0.029687 0.019141
0 0.069922 0.476367 0.022656 0.017578
0 0.158984 0.526172 0.027344 0.019531
0 0.100000 0.513281 0.020313 0.017188
0 0.077344 0.583398 0.028125 0.017578
0 0.088867 0.609375 0.024609 0.017188
0 0.106641 0.631836 0.021875 0.017578
0 0.125586 0.653320 0.023047 0.020703
0 0.180469 0.569141 0.025000 0.021094
0 0.196094 0.592773 0.024219 0.023047
0 0.232422 0.629102 0.022656 0.023828
0 0.327539 0.660742 0.021484 0.027734
0 0.355859 0.666211 0.024219 0.026953
0 0.381445 0.733203 0.023047 0.019531
0 0.383984 0.754883 0.028906 0.021484
0 0.400000 0.823633 0.028906 0.031641
0 0.298633 0.817578 0.030078 0.030469
0 0.137500 0.974023 0.053125 0.048828
