0 0.491602 0.184766 0.046484 0.046875
0 0.406055 0.239258 0.024609 0.019922
0 0.449219 0.371289 0.044531 0.046484
0 0.433594 0.421484 0.050781 0.046094
0 0.412109 0.471484 0.051562 0.046094
0 0.470117 0.870117 0.030859 0.031641
0 0.248828 0.898047 0.046094 0.050000
0 0.217383 0.772070 0.050391 0.041797
0 0.202344 0.821875 0.027344 0.023438
0 0.079297 0.839453 0.057031 0.046094
0 0.066992 0.887305 0.055078 0.044922
0 0.053320 0.941016 0.057422 0.048438
0 0.412500 0.013281 0.028125 0.024219
0 0.398828 0.064648 0.027344 0.024609
0 0.382812 0.089063 0.029687 0.025781
0 0.368750 0.140234 0.028125 0.028125
0 0.371484 0.167969 0.025781 0.025781
0 0.358203 0.190430 0.029687 0.025391
0 0.346680 0.271484 0.023047 0.023438
0 0.334180 0.307812 0.028516 0.025000
0 0.343945 0.335938 0.013672 0.014844
0 0.275000 0.536523 0.028125 0.025391
0 0.158594 0.967383 0.028906 0.023828
0 0.080664 0.686719 0.028516 0.029687
