0 0.300977 0.092578 0.015234 0.024219
0 0.217188 0.099023 0.017969 0.023828
0 0.161328 0.135352 0.024219 0.016797
0 0.331641 0.122070 0.029687 0.022266
0 0.423242 0.145117 0.021484 0.029297
0 0.343750 0.155859 0.017188 0.025000
0 0.315430 0.162109 0.022266 0.026562
0 0.289258 0.167773 0.021484 0.026953
0 0.267383 0.179102 0.023828 0.026172
0 0.676172 0.169727 0.031250 0.036328
0 0.710352 0.175195 0.030078 0.026172
0 0.955469 0.263086 0.024219 0.034766
0 0.077344 0.583008 0.032031 0.020703
0 0.123828 0.654102 0.024219 0.020703
0 0.147656 0.674023 0.024219 0.022266
0 0.391602 0.706445 0.033984 0.020703
0 0.647656 0.683789 0.027344 0.030859
0 0.683594 0.683008 0.025781 0.030859
0 0.715625 0.677734 0.031250 0.035937
0 0.384766 0.674414 0.024219 0.027734
0 0.204102 0.177930 0.016016 0.029297
0 0.182617 0.175586 0.016016 0.023828
0 0.161719 0.172461 0.017969 0.022266
0 0.108594 0.191797 0.023438 0.017969
0 0.103516 0.210938 0.031250 0.017188
0 0.150586 0.236719 0.026172 0.018750
0 0.190625 0.240625 0.025000 0.016406
0 0.183203 0.267969 0.022656 0.017969
0 0.096289 0.340039 0.019922 0.030859
0 0.151953 0.351758 0.027344 0.020703
0 0.140234 0.402148 0.025000 0.019141
0 0.129492 0.427344 0.026172 0.019531
0 0.135156 0.454102 0.028906 0.019922
0 0.148828 0.473828 0.022656 0.025000
0 0.214258 0.611328 0.025391 0.024219
0 0.257031 0.639453 0.022656 0.028125
0 0.277930 0.659375 0.023047 0.024219
0 0.300977 0.666211 0.022266 0.029297
0 0.326367 0.661328 0.021484 0.026562
0 0.354687 0.665430 0.022656 0.033984
0 0.782617 0.173828 0.038672 0.044531
0 0.816992 0.193359 0.034766 0.035156
0 0.839063 0.216602 0.029687 0.028516
0 0.865820 0.241016 0.030859 0.032031
0 0.904687 0.289844 0.042969 0.031250
0 0.913477 0.323047 0.039453 0.029687
0 0.923438 0.353320 0.041406 0.027734
0 0.928320 0.390234 0.048047 0.040625
0 0.929492 0.430078 0.043359 0.032031
0 0.930273 0.462109 0.036328 0.026562
0 0.898047 0.539648 0.040625 0.029297
0 0.889648 0.578125 0.037891 0.032031
0 0.874805 0.609766 0.037891 0.033594
0 0.854883 0.636914 0.028516 0.033984
0 0.821289 0.654297 0.026953 0.033594
0 0.790234 0.676172 0.026562 0.032813
0 0.751367 0.680469 0.029297 0.038281
0 0.385547 0.753125 0.032813 0.025000
0 0.400781 0.800000 0.026562 0.039844
0 0.213672 0.819141 0.053125 0.051562
0 0.136523 0.973828 0.054297 0.044531
0 0.886133 0.808984 0.026953 0.039844
0 0.944336 0.879883 0.030078 0.029297
0 0.927539 0.929883 0.039453 0.028516
0 0.824805 0.818359 0.028516 0.037500
0 0.797461 0.791797 0.022266 0.035937
0 0.762891 0.789844 0.028906 0.037500
0 0.728320 0.782422 0.025391 0.039844
0 0.690234 0.775000 0.030469 0.037500
0 0.649414 0.774414 0.027734 0.041797
1 0.921484 0.990234 0.032813 0.017188
