1 0.128320 0.173828 0.065234 0.067969
1 0.040039 0.175977 0.073047 0.065234
0 0.673828 0.151172 0.078125 0.060937
0 0.441602 0.160547 0.073047 0.060937
0 0.150000 0.252539 0.082031 0.071484
0 0.135742 0.339453 0.082422 0.075000
0 0.391406 0.227734 0.070312 0.064844
0 0.346484 0.292383 0.065625 0.058203
0 0.314453 0.363086 0.067187 0.062891
0 0.286133 0.436133 0.069141 0.062891
0 0.243750 0.493750 0.069531 0.061719
0 0.625000 0.209570 0.069531 0.058203
0 0.587109 0.281836 0.078906 0.063672
0 0.760742 0.355469 0.067578 0.067969
0 0.489453 0.429688 0.069531 0.057813
0 0.442188 0.488867 0.064844 0.053516
0 0.357227 0.585352 0.065234 0.055859
0 0.505664 0.572656 0.038672 0.042969
0 0.903711 0.608398 0.069922 0.073828
0 0.728320 0.597852 0.066797 0.070703
0 0.655273 0.595508 0.069922 0.069922
0 0.582812 0.637695 0.067187 0.075391
0 0.370117 0.701953 0.067578 0.071094
0 0.906250 0.751953 0.040625 0.041406
0 0.859180 0.751758 0.036328 0.045703
0 0.812891 0.743164 0.037500 0.035547
0 0.766406 0.741602 0.039062 0.035547
0 0.719336 0.738281 0.037891 0.040625
0 0.807227 0.862305 0.042578 0.052734
0 0.713672 0.860938 0.042969 0.049219
0 0.842969 0.968945 0.039062 0.040234
0 0.794922 0.970703 0.038281 0.042969
0 0.659375 0.964844 0.040625 0.041406
0 0.602344 0.963086 0.038281 0.037891
0 0.480859 0.856250 0.051562 0.059375
0 0.420117 0.858789 0.040234 0.045703
0 0.361914 0.858594 0.051953 0.063281
