0 0.386914 0.089648 0.033984 0.021484
0 0.390234 0.119141 0.029687 0.022656
0 0.372656 0.142383 0.028906 0.023047
0 0.378516 0.171289 0.027344 0.022266
0 0.378906 0.196680 0.011719 0.011328
0 0.350586 0.272656 0.026172 0.023438
0 0.339258 0.334570 0.021484 0.018359
0 0.391406 0.367383 0.020313 0.020703
0 0.450391 0.375391 0.048438 0.042188
0 0.498047 0.186523 0.042188 0.044141
0 0.532617 0.100781 0.028516 0.028906
0 0.571680 0.226367 0.023047 0.027734
0 0.603711 0.394727 0.044922 0.044922
0 0.601367 0.547461 0.030078 0.024609
0 0.680078 0.627539 0.035156 0.042578
0 0.525781 0.694141 0.025781 0.029687
0 0.422266 0.475000 0.049219 0.041406
0 0.308984 0.419141 0.029687 0.025000
0 0.278125 0.537109 0.025781 0.025781
0 0.337109 0.636914 0.027344 0.026172
1 0.006445 0.670312 0.012891 0.028125
1 0.296680 0.975391 0.055859 0.050781
0 0.085742 0.686133 0.024609 0.022266
0 0.107227 0.741797 0.052734 0.048438
0 0.060547 0.943359 0.050781 0.044531
0 0.033398 0.842969 0.044141 0.042969
0 0.183594 0.921289 0.057031 0.041016
0 0.198633 0.871875 0.048828 0.043750
0 0.206836 0.822461 0.046484 0.038672
0 0.224219 0.772461 0.046094 0.037891
0 0.272656 0.733203 0.026562 0.023438
0 0.352930 0.755273 0.041797 0.043359
0 0.508008 0.764453 0.034766 0.038281
0 0.518945 0.432617 0.041797 0.046484
