0 0.963867 0.030078 0.032422 0.036719
0 0.922656 0.061328 0.035156 0.043750
0 0.963672 0.162305 0.020313 0.026953
0 0.395117 0.047266 0.034766 0.038281
0 0.285547 0.181445 0.037500 0.036328
0 0.749609 0.183984 0.019531 0.025781
0 0.275586 0.228320 0.049609 0.041797
0 0.303711 0.277148 0.052734 0.048047
0 0.302930 0.329688 0.028516 0.023438
0 0.277930 0.373047 0.045703 0.048438
0 0.198242 0.403320 0.022266 0.026953
0 0.826953 0.398438 0.040625 0.035156
0 0.648828 0.402734 0.022656 0.021875
0 0.633008 0.466992 0.043359 0.036328
0 0.217773 0.509375 0.048047 0.036719
0 0.183203 0.551562 0.021094 0.026562
0 0.110352 0.599219 0.028516 0.022656
0 0.794336 0.594336 0.022266 0.023828
0 0.531250 0.700977 0.021094 0.017578
0 0.492188 0.791992 0.039844 0.038672
0 0.644141 0.767383 0.017188 0.016797
0 0.629883 0.800391 0.025391 0.021094
0 0.711914 0.942969 0.038672 0.044531
0 0.583203 0.916016 0.041406 0.038281
0 0.333789 0.953906 0.044922 0.035937
0 0.039648 0.977344 0.049609 0.045312
1 0.085156 0.987695 0.031250 0.023828
0 0.571094 0.587695 0.023438 0.019922
0 0.992578 0.135352 0.016406 0.024609
