0 0.798633 0.139844 0.073828 0.060937
0 0.814844 0.225977 0.075000 0.083203
0 0.815625 0.315625 0.077344 0.067187
0 0.638281 0.147852 0.074219 0.058203
0 0.647070 0.220703 0.079297 0.067187
0 0.652344 0.295117 0.076563 0.066016
0 0.662695 0.368359 0.072266 0.058594
0 0.375781 0.162500 0.067187 0.051562
0 0.382617 0.233789 0.063672 0.054297
0 0.216797 0.260352 0.068750 0.059766
0 0.846875 0.568750 0.078906 0.087500
0 0.852734 0.656836 0.081250 0.083984
0 0.856055 0.739062 0.079297 0.067187
0 0.858594 0.830859 0.070312 0.066406
0 0.674219 0.566602 0.073438 0.062891
0 0.680469 0.641797 0.077344 0.058594
0 0.684570 0.708594 0.069141 0.058594
0 0.692578 0.782617 0.067969 0.060547
0 0.700781 0.853320 0.072656 0.056641
0 0.409180 0.594922 0.069922 0.060937
0 0.424023 0.682422 0.083203 0.082812
0 0.429688 0.773047 0.083594 0.060937
0 0.432812 0.856641 0.081250 0.064844
0 0.265234 0.820117 0.035156 0.029297
0 0.256250 0.682617 0.046094 0.036328
0 0.112305 0.839063 0.044141 0.048438
0 0.047852 0.839453 0.058203 0.060156
0 0.030859 0.696484 0.033594 0.041406
0 0.126758 0.637891 0.041016 0.033594
0 0.093945 0.700000 0.059766 0.057813
