0 0.767383 0.863672 0.028516 0.031250
0 0.808789 0.848047 0.029297 0.026562
0 0.851953 0.772461 0.030469 0.029297
0 0.727734 0.797656 0.026562 0.027344
0 0.679492 0.699023 0.030078 0.029297
0 0.787500 0.645898 0.027344 0.026953
0 0.821680 0.703906 0.031641 0.029687
0 0.616992 0.574609 0.025391 0.026562
0 0.512500 0.590039 0.027344 0.026953
0 0.274023 0.589258 0.036328 0.026953
0 0.268945 0.557617 0.032422 0.027734
0 0.268555 0.523047 0.026953 0.030469
0 0.292578 0.494141 0.026562 0.037500
0 0.372656 0.487695 0.036719 0.026953
0 0.364258 0.450586 0.040234 0.025391
0 0.363867 0.381641 0.026953 0.027344
