1 0.013672 0.279297 0.027344 0.025781
1 0.016016 0.315625 0.032031 0.029687
1 0.013672 0.491406 0.027344 0.028906
1 0.013867 0.543750 0.027734 0.027344
1 0.014063 0.616211 0.028125 0.027734
1 0.014063 0.721875 0.028125 0.028906
1 0.011914 0.651953 0.023828 0.028125
1 0.014453 0.793555 0.028125 0.029297
0 0.061523 0.249414 0.038672 0.026172
0 0.163672 0.253711 0.035937 0.026953
0 0.252734 0.280859 0.035937 0.025781
0 0.347656 0.275781 0.028125 0.021875
0 0.251172 0.377148 0.034375 0.023047
0 0.249609 0.437891 0.037500 0.025781
0 0.159375 0.445117 0.035937 0.029297
0 0.158789 0.562695 0.039453 0.029297
0 0.161523 0.594727 0.036328 0.030859
0 0.161719 0.629297 0.036719 0.028906
0 0.405664 0.449805 0.028516 0.019141
0 0.397656 0.302734 0.030469 0.021094
0 0.398438 0.327148 0.025781 0.019141
0 0.397852 0.351367 0.025391 0.019922
0 0.428711 0.249805 0.019141 0.024609
0 0.486914 0.267578 0.024609 0.021875
0 0.483594 0.314063 0.023438 0.022656
0 0.483594 0.358008 0.023438 0.019922
0 0.534375 0.387109 0.031250 0.037500
0 0.489648 0.518555 0.031641 0.021484
0 0.484570 0.547070 0.030859 0.023047
0 0.489258 0.580469 0.030859 0.022656
0 0.402734 0.603125 0.027344 0.018750
0 0.588867 0.550781 0.019922 0.029687
0 0.657227 0.573633 0.045703 0.041016
0 0.660742 0.320898 0.035547 0.028516
0 0.655664 0.271289 0.048828 0.045703
0 0.746680 0.320117 0.039453 0.029297
0 0.639844 0.166797 0.022656 0.021094
0 0.866602 0.272461 0.014453 0.018359
0 0.833594 0.477148 0.034375 0.041797
0 0.880078 0.472852 0.030469 0.042578
0 0.246289 0.662500 0.038672 0.029687
0 0.161914 0.660156 0.039453 0.028906
0 0.152930 0.693945 0.037109 0.030078
0 0.164258 0.760547 0.041016 0.033594
0 0.167773 0.796680 0.037109 0.030078
0 0.348047 0.742969 0.022656 0.032813
0 0.401172 0.666211 0.027344 0.021484
0 0.484961 0.677930 0.035547 0.026172
0 0.498437 0.737305 0.032813 0.029297
0 0.167578 0.912109 0.025781 0.031250
0 0.385742 0.937695 0.030859 0.025391
0 0.757227 0.770508 0.035547 0.030859
0 0.749414 0.724805 0.031641 0.027734
