0 0.814258 0.940234 0.017578 0.028906
0 0.788086 0.981641 0.027734 0.022656
0 0.820117 0.880273 0.030078 0.032422
0 0.758594 0.916406 0.021875 0.026562
0 0.725977 0.924219 0.023828 0.026562
0 0.692773 0.926367 0.019922 0.026953
0 0.865820 0.831836 0.023047 0.028516
0 0.885742 0.803516 0.030078 0.028125
0 0.914453 0.706836 0.032031 0.028516
0 0.914062 0.662891 0.025000 0.018750
0 0.904687 0.544141 0.028125 0.022656
0 0.886328 0.517188 0.025000 0.021875
0 0.705273 0.408789 0.027734 0.030078
0 0.959570 0.249609 0.036328 0.029687
0 0.886914 0.204492 0.026953 0.023047
0 0.855664 0.226172 0.030859 0.023438
0 0.812500 0.282617 0.025000 0.026172
0 0.779883 0.282227 0.027734 0.030078
0 0.746094 0.290039 0.029687 0.032422
0 0.900586 0.174805 0.033984 0.023828
0 0.925000 0.142578 0.032813 0.021875
0 0.921484 0.107031 0.035156 0.028906
0 0.924219 0.049414 0.034375 0.025391
0 0.939258 0.017188 0.033984 0.023438
0 0.682227 0.292773 0.030859 0.033203
0 0.664062 0.927344 0.018750 0.026562
0 0.640234 0.925586 0.016406 0.026172
0 0.221484 0.255273 0.021094 0.026953
0 0.334570 0.376563 0.025391 0.032031
0 0.412305 0.242969 0.020703 0.027344
0 0.342773 0.255078 0.053516 0.057813
0 0.137500 0.076758 0.035937 0.028516
