0 0.036719 0.165625 0.067187 0.071875
0 0.033789 0.382812 0.066016 0.067187
0 0.037695 0.476562 0.071484 0.074219
0 0.034180 0.571680 0.061328 0.063672
0 0.034375 0.654883 0.062500 0.064453
0 0.038086 0.736523 0.073047 0.069922
0 0.243359 0.728516 0.072656 0.067969
0 0.236328 0.571680 0.081250 0.069922
0 0.240234 0.372461 0.080469 0.069141
0 0.241211 0.262109 0.069141 0.062500
0 0.409766 0.166992 0.067969 0.066016
0 0.417578 0.260937 0.078906 0.085156
0 0.417578 0.370117 0.082031 0.080859
0 0.414062 0.462695 0.071094 0.066797
0 0.416602 0.567187 0.080859 0.074219
0 0.416406 0.655664 0.072656 0.065234
0 0.415039 0.731836 0.069922 0.058984
0 0.415625 0.813086 0.070312 0.064453
0 0.203516 0.929883 0.082812 0.073828
0 0.781836 0.825000 0.066797 0.074219
0 0.780469 0.725391 0.077344 0.064844
0 0.782617 0.647266 0.072266 0.062500
0 0.779492 0.568750 0.076953 0.061719
0 0.871484 0.606836 0.067969 0.074609
0 0.626758 0.576562 0.049609 0.035156
0 0.614844 0.310742 0.067187 0.070703
0 0.767773 0.291016 0.086328 0.089844
0 0.767188 0.383203 0.064062 0.064844
