0 0.258789 0.706836 0.043359 0.044922
0 0.376563 0.813281 0.045312 0.045312
0 0.440625 0.626563 0.017969 0.028125
0 0.466211 0.617188 0.019141 0.026562
0 0.494141 0.607227 0.017188 0.026172
0 0.599219 0.562109 0.024219 0.027344
0 0.650391 0.538867 0.025000 0.030078
0 0.918555 0.468750 0.023047 0.028906
0 0.775195 0.520312 0.024609 0.021094
0 0.703320 0.604688 0.026172 0.020313
0 0.480273 0.785547 0.023828 0.022656
0 0.411328 0.721680 0.031250 0.021484
0 0.533984 0.764648 0.029687 0.023047
0 0.748047 0.677734 0.025000 0.021875
0 0.807813 0.600781 0.026562 0.021875
0 0.795898 0.572266 0.026953 0.021875
0 0.784375 0.547656 0.023438 0.019531
0 0.859375 0.465039 0.023438 0.022266
0 0.891016 0.549023 0.025000 0.019141
0 0.901758 0.576758 0.024609 0.020703
0 0.913477 0.604688 0.023047 0.017188
0 0.925195 0.632227 0.023047 0.019922
