0 0.211328 0.162891 0.062500 0.075781
0 0.850000 0.137305 0.058594 0.069141
0 0.782422 0.165039 0.064844 0.080078
0 0.707422 0.196484 0.062500 0.073438
0 0.622266 0.224414 0.061719 0.069922
0 0.541406 0.258398 0.067187 0.076172
0 0.457227 0.289844 0.071484 0.079687
0 0.379297 0.315039 0.070312 0.080859
0 0.975586 0.150586 0.042578 0.038672
0 0.951758 0.202734 0.045703 0.040625
0 0.861914 0.378906 0.070703 0.060937
1 0.978906 0.366992 0.041406 0.062891
0 0.965430 0.431250 0.067578 0.066406
0 0.750391 0.390430 0.038281 0.044141
0 0.637695 0.412891 0.041797 0.043750
0 0.576367 0.434180 0.042578 0.042578
0 0.808594 0.491602 0.041406 0.041797
0 0.729492 0.524023 0.036328 0.041016
0 0.660156 0.546289 0.035937 0.046484
0 0.618164 0.564453 0.043359 0.040625
0 0.580859 0.579688 0.035156 0.039062
0 0.540039 0.597266 0.038672 0.039062
0 0.483398 0.731250 0.070703 0.060937
0 0.172266 0.848633 0.043750 0.037891
0 0.334375 0.893945 0.041406 0.055078
0 0.287109 0.906055 0.038281 0.044141
0 0.181055 0.947656 0.048828 0.055469
0 0.136523 0.963086 0.030859 0.037109
1 0.417578 0.966016 0.078125 0.064844
1 0.084570 0.984375 0.039453 0.028125
0 0.211914 0.158789 0.060547 0.077734
0 0.378320 0.315820 0.067578 0.080078
0 0.455469 0.288086 0.070312 0.080078
0 0.540039 0.259375 0.066016 0.075781
0 0.621484 0.225586 0.061719 0.068359
0 0.706641 0.196680 0.064062 0.073047
0 0.783984 0.165820 0.067969 0.079297
0 0.849805 0.136523 0.058984 0.066797
0 0.973633 0.149414 0.041797 0.037109
0 0.951172 0.205078 0.046094 0.035937
0 0.860352 0.377930 0.065234 0.061328
0 0.751172 0.390430 0.035937 0.041797
0 0.637109 0.412305 0.036719 0.042578
0 0.576172 0.434570 0.038281 0.041016
0 0.538477 0.595117 0.037109 0.040234
0 0.579297 0.579883 0.037500 0.041797
0 0.617383 0.563867 0.037891 0.041016
0 0.658398 0.547656 0.037109 0.046094
0 0.729688 0.524219 0.035937 0.040625
0 0.808203 0.491211 0.037500 0.042578
0 0.965039 0.433398 0.067578 0.066016
0 0.483984 0.731250 0.068750 0.060937
0 0.172852 0.847461 0.042578 0.039453
0 0.135937 0.961914 0.032031 0.041797
0 0.181836 0.947461 0.048828 0.055078
0 0.286523 0.904883 0.035547 0.040234
0 0.334570 0.892578 0.040234 0.054688
1 0.418359 0.965430 0.078125 0.066797
1 0.980078 0.367773 0.042969 0.062109
1 0.084570 0.983789 0.037109 0.030078
