0 0.951367 0.027344 0.033203 0.022656
0 0.946094 0.062109 0.031250 0.026562
0 0.842773 0.070703 0.031641 0.032813
0 0.665625 0.120313 0.054688 0.052344
0 0.739844 0.154492 0.066406 0.072266
0 0.575586 0.222852 0.055078 0.055078
0 0.881641 0.321094 0.034375 0.032031
0 0.881641 0.420703 0.064062 0.064062
0 0.821289 0.452539 0.054297 0.063672
0 0.782813 0.485547 0.034375 0.034375
0 0.883203 0.567383 0.061719 0.054297
0 0.313281 0.303711 0.037500 0.031641
0 0.100781 0.424023 0.035937 0.026172
0 0.527539 0.415625 0.068359 0.067969
0 0.553906 0.478906 0.064062 0.060156
0 0.744922 0.767383 0.060156 0.054297
0 0.576953 0.590234 0.045312 0.036719
0 0.459180 0.637109 0.052734 0.046875
0 0.251563 0.677539 0.050000 0.037891
0 0.118164 0.704883 0.060547 0.050391
0 0.273242 0.799023 0.059766 0.051172
0 0.586523 0.842969 0.035547 0.031250
0 0.587891 0.871680 0.042188 0.024609
0 0.589258 0.897852 0.031641 0.026172
0 0.597266 0.947266 0.036719 0.025781
0 0.595508 0.970117 0.042578 0.026172
0 0.507422 0.907422 0.039062 0.025781
0 0.511328 0.933398 0.038281 0.026172
0 0.468164 0.700195 0.057422 0.048047
0 0.474414 0.754102 0.055078 0.048047
1 0.006250 0.410352 0.012500 0.022266
