0 0.298047 0.155273 0.036719 0.036328
0 0.394531 0.156641 0.050781 0.059375
0 0.527734 0.165820 0.046875 0.037891
0 0.777930 0.187891 0.065234 0.067969
0 0.933984 0.166992 0.070312 0.069922
0 0.770117 0.265820 0.076172 0.068359
0 0.519727 0.263867 0.037109 0.037109
0 0.550391 0.315625 0.036719 0.035937
0 0.522266 0.361719 0.039062 0.037500
0 0.520312 0.414844 0.039062 0.035156
0 0.509180 0.476367 0.057422 0.049609
0 0.521875 0.531055 0.039844 0.035547
0 0.771484 0.343555 0.060156 0.065234
0 0.932031 0.383594 0.066406 0.064062
0 0.782031 0.418164 0.036719 0.037109
0 0.771875 0.497656 0.075000 0.068750
0 0.933203 0.478320 0.075781 0.072266
0 0.771680 0.576758 0.069922 0.063672
0 0.924805 0.571680 0.061328 0.064453
0 0.686133 0.618555 0.054297 0.060547
0 0.603906 0.660547 0.036719 0.040625
0 0.524414 0.577148 0.033203 0.033984
0 0.514062 0.641016 0.060937 0.051562
0 0.474414 0.719922 0.033984 0.039844
0 0.425195 0.716992 0.034766 0.037109
0 0.372461 0.720508 0.036328 0.037109
0 0.319141 0.721875 0.038281 0.039062
0 0.934375 0.657031 0.065625 0.062500
0 0.936914 0.734766 0.073047 0.069531
0 0.774609 0.731250 0.070312 0.064844
0 0.781641 0.810937 0.072656 0.067187
0 0.509375 0.775977 0.035156 0.036328
0 0.493555 0.826562 0.036328 0.037500
0 0.349219 0.831250 0.036719 0.043750
0 0.421875 0.937305 0.063281 0.067578
