0 0.109961 0.056445 0.056641 0.069922
0 0.683789 0.066016 0.070703 0.075781
0 0.872070 0.044922 0.037109 0.034375
0 0.960742 0.086914 0.048828 0.040234
0 0.937500 0.148242 0.071094 0.062109
1 0.988672 0.186914 0.028125 0.057422
0 0.723437 0.140820 0.058594 0.059766
0 0.790234 0.207031 0.060156 0.063281
0 0.758594 0.275000 0.069531 0.058594
0 0.861914 0.328711 0.066797 0.064453
0 0.734570 0.331055 0.041016 0.032422
0 0.520508 0.124805 0.066797 0.081641
0 0.439648 0.158398 0.066797 0.072266
0 0.354492 0.191602 0.081641 0.079297
0 0.277344 0.221289 0.068750 0.071484
0 0.473438 0.333594 0.041406 0.047656
0 0.667188 0.404102 0.034375 0.042578
0 0.622070 0.417773 0.040234 0.046484
0 0.477734 0.478125 0.035156 0.039062
0 0.759375 0.602539 0.067969 0.078516
0 0.353711 0.856250 0.078516 0.069531
0 0.282617 0.772070 0.041016 0.044922
0 0.132031 0.828320 0.038281 0.037891
0 0.020313 0.765820 0.040625 0.037891
