0 0.078906 0.264648 0.066406 0.082422
0 0.146875 0.239453 0.057031 0.074219
0 0.364453 0.289844 0.042969 0.034375
0 0.390820 0.237305 0.056641 0.048828
0 0.409961 0.177930 0.042578 0.034766
0 0.442969 0.129883 0.046094 0.038672
0 0.499219 0.096875 0.049219 0.039062
0 0.554492 0.135352 0.037109 0.036328
0 0.575391 0.213281 0.038281 0.032813
0 0.403516 0.387500 0.056250 0.062500
0 0.476953 0.475781 0.070312 0.058594
0 0.483984 0.400195 0.040625 0.033984
0 0.636523 0.415820 0.071484 0.066016
0 0.771289 0.291406 0.058203 0.060156
0 0.835547 0.322656 0.042969 0.055469
0 0.893750 0.335156 0.031250 0.039844
0 0.897852 0.198633 0.048047 0.052734
0 0.769531 0.132227 0.028906 0.034766
0 0.224414 0.358594 0.041797 0.032031
0 0.196680 0.416992 0.041797 0.033984
0 0.160156 0.477734 0.060937 0.057813
0 0.137891 0.536133 0.042188 0.035547
0 0.066406 0.603711 0.035156 0.041797
0 0.023633 0.623242 0.028516 0.039453
0 0.277344 0.249609 0.035937 0.029687
0 0.508203 0.346875 0.044531 0.032031
0 0.292187 0.463867 0.067187 0.057422
