0 0.621680 0.294336 0.034766 0.040234
0 0.801172 0.577344 0.083594 0.084375
0 0.923242 0.594531 0.061328 0.057813
0 0.949609 0.444141 0.069531 0.081250
0 0.462695 0.637109 0.078516 0.066406
0 0.433398 0.718164 0.087109 0.072266
0 0.387109 0.751563 0.031250 0.042188
0 0.271484 0.775195 0.076563 0.066797
0 0.204687 0.683203 0.056250 0.071094
0 0.138672 0.650391 0.065625 0.055469
0 0.165039 0.584570 0.041016 0.037891
0 0.212695 0.479492 0.043359 0.037891
0 0.351758 0.433789 0.031641 0.037891
0 0.372656 0.512695 0.041406 0.033203
0 0.626563 0.467383 0.042969 0.057422
0 0.074023 0.548242 0.034766 0.028516
0 0.064062 0.829492 0.068750 0.063672
0 0.632422 0.631055 0.062500 0.066016
0 0.695703 0.635938 0.031250 0.039844
0 0.307617 0.646875 0.040234 0.035937
0 0.328906 0.581836 0.067187 0.059766
