0 0.429102 0.127930 0.042578 0.039453
0 0.707227 0.221680 0.070703 0.081641
0 0.621094 0.258008 0.061719 0.057422
0 0.467969 0.326758 0.053906 0.054297
0 0.427148 0.265430 0.059766 0.054297
0 0.375977 0.219531 0.070703 0.079687
0 0.302148 0.221289 0.070703 0.077734
0 0.225977 0.222852 0.069922 0.080078
0 0.163477 0.263672 0.076172 0.063281
0 0.169141 0.358789 0.083594 0.070703
0 0.295898 0.367188 0.066797 0.076563
0 0.500391 0.604688 0.065625 0.057813
0 0.374805 0.425391 0.071484 0.064062
0 0.416016 0.486719 0.062500 0.064062
0 0.458789 0.545117 0.066016 0.055859
1 0.985352 0.933203 0.028516 0.060156
0 0.930078 0.910742 0.035937 0.052734
0 0.888477 0.943750 0.038672 0.041406
0 0.819727 0.925586 0.069922 0.084766
0 0.645312 0.849219 0.039844 0.036719
0 0.618164 0.809570 0.038672 0.034766
0 0.298242 0.615234 0.076172 0.059375
0 0.343359 0.682227 0.064844 0.059766
0 0.392188 0.746289 0.061719 0.061328
0 0.160156 0.647266 0.061719 0.054688
0 0.212500 0.711328 0.059375 0.057813
0 0.254883 0.776758 0.056641 0.048828
0 0.302148 0.842969 0.055859 0.049219
0 0.340430 0.912891 0.066016 0.056250
