0 0.762695 0.077344 0.033203 0.032813
0 0.846094 0.246094 0.028906 0.033594
0 0.688867 0.151953 0.030078 0.040625
0 0.724805 0.173828 0.027734 0.037500
0 0.761133 0.194922 0.023828 0.028906
0 0.180664 0.389062 0.059766 0.048438
0 0.207031 0.336133 0.058594 0.048047
0 0.366211 0.280078 0.058203 0.052344
0 0.337305 0.334766 0.053516 0.050781
0 0.552148 0.273438 0.030859 0.028906
0 0.549414 0.309375 0.033984 0.026562
0 0.516602 0.332422 0.025391 0.027344
0 0.492773 0.354492 0.030078 0.026953
0 0.479297 0.384766 0.031250 0.028125
0 0.492383 0.415039 0.031641 0.027734
0 0.279687 0.449023 0.063281 0.053516
0 0.173242 0.530273 0.033984 0.031641
0 0.437305 0.634180 0.031641 0.026953
0 0.693945 0.545703 0.024609 0.035156
0 0.705273 0.645898 0.016016 0.022266
0 0.636328 0.626367 0.028906 0.033984
0 0.537695 0.688672 0.058984 0.050000
0 0.479687 0.734375 0.035156 0.028906
0 0.636133 0.770508 0.028516 0.034766
0 0.813086 0.876367 0.037109 0.030078
0 0.900586 0.887695 0.030078 0.041016
0 0.758789 0.940625 0.030078 0.036719
0 0.708789 0.965039 0.040234 0.035547
0 0.201367 0.478320 0.028516 0.033984
1 0.903711 0.009180 0.029297 0.014453
