0 0.837695 0.265430 0.032422 0.042578
0 0.954102 0.174414 0.027734 0.043359
0 0.798828 0.096289 0.027344 0.024609
0 0.760547 0.073633 0.024219 0.020703
0 0.729688 0.055078 0.026562 0.028125
0 0.791016 0.199414 0.017188 0.023828
0 0.820312 0.180469 0.022656 0.028125
0 0.839648 0.147461 0.026953 0.025391
0 0.689258 0.153125 0.037891 0.046094
0 0.760742 0.193945 0.016797 0.028516
0 0.370898 0.282422 0.054297 0.042969
0 0.339844 0.335938 0.061719 0.051562
0 0.311523 0.386719 0.062891 0.045312
0 0.896680 0.894336 0.028516 0.038672
0 0.761133 0.937695 0.040234 0.039453
0 0.167773 0.448242 0.030078 0.024609
0 0.204297 0.475391 0.032031 0.030469
0 0.284961 0.447266 0.060547 0.047656
0 0.207227 0.334961 0.058984 0.049609
0 0.240039 0.286328 0.033984 0.025781
0 0.258984 0.237891 0.028125 0.025781
0 0.089844 0.286523 0.059375 0.050391
