0 0.082617 0.041211 0.037891 0.030859
0 0.148047 0.065820 0.021094 0.027734
0 0.300195 0.093750 0.019141 0.026562
0 0.276953 0.095898 0.021875 0.032422
0 0.248242 0.099414 0.022266 0.032422
0 0.218555 0.098242 0.022266 0.030859
0 0.356250 0.157031 0.021094 0.032031
0 0.333984 0.166016 0.021875 0.034375
0 0.290625 0.175000 0.021875 0.031250
0 0.267773 0.183203 0.023047 0.032813
0 0.224219 0.207031 0.018750 0.025781
0 0.204297 0.178516 0.019531 0.027344
0 0.183398 0.179297 0.018359 0.026562
0 0.160547 0.178906 0.019531 0.024219
0 0.109570 0.196484 0.023047 0.019531
0 0.108203 0.216016 0.031250 0.017969
0 0.123633 0.231836 0.023828 0.017578
0 0.071875 0.237695 0.021875 0.030859
0 0.193359 0.242383 0.021094 0.018359
0 0.186523 0.272070 0.024609 0.019141
0 0.161914 0.336328 0.021484 0.017188
0 0.150781 0.355859 0.028125 0.018750
0 0.137109 0.374414 0.022656 0.023047
0 0.097461 0.395898 0.022266 0.036328
0 0.064648 0.419922 0.033203 0.023438
0 0.132227 0.432617 0.026953 0.019922
0 0.135547 0.452734 0.028906 0.019531
0 0.146289 0.494141 0.025391 0.019531
0 0.153906 0.514844 0.028906 0.021094
0 0.007812 0.530664 0.014844 0.028516
0 0.069922 0.540039 0.025781 0.019141
0 0.076172 0.585938 0.025000 0.018750
0 0.091602 0.613281 0.023047 0.019531
0 0.107617 0.635352 0.019922 0.015234
0 0.124023 0.657422 0.024609 0.018750
0 0.179102 0.569141 0.026172 0.021094
0 0.189453 0.588281 0.022656 0.023438
0 0.179492 0.628516 0.026953 0.025781
0 0.742773 0.178516 0.037109 0.039062
0 0.708789 0.184570 0.030859 0.031641
0 0.813477 0.193164 0.030078 0.037891
0 0.844336 0.215820 0.033203 0.033984
0 0.901953 0.294531 0.032031 0.035156
0 0.930469 0.432812 0.033594 0.029687
0 0.891016 0.579297 0.039062 0.034375
0 0.866016 0.687891 0.038281 0.031250
0 0.720703 0.732227 0.036719 0.030078
0 0.388672 0.712500 0.032031 0.024219
0 0.381641 0.735352 0.027344 0.024609
0 0.117188 0.712109 0.029687 0.022656
0 0.008008 0.766211 0.015234 0.033984
0 0.692187 0.778320 0.040625 0.048047
0 0.651953 0.782813 0.030469 0.039062
0 0.978320 0.631641 0.036328 0.035156
0 0.802539 0.797461 0.029297 0.037891
0 0.942969 0.811523 0.035156 0.036328
0 0.964258 0.834375 0.033984 0.030469
0 0.892383 0.888086 0.034766 0.033984
0 0.368555 0.821680 0.031641 0.041797
0 0.256445 0.825391 0.033203 0.039844
0 0.216797 0.826367 0.028906 0.035547
0 0.135937 0.817969 0.035937 0.035156
0 0.141211 0.874609 0.045703 0.039062
0 0.139844 0.922656 0.058594 0.053906
0 0.139063 0.974414 0.068750 0.048828
0 0.684961 0.690430 0.031641 0.037109
1 0.989453 0.400781 0.026562 0.033594
