0 0.217578 0.342187 0.034375 0.028906
0 0.225977 0.372266 0.023828 0.020313
0 0.283203 0.462695 0.026562 0.026172
0 0.283789 0.530273 0.022266 0.025391
0 0.235547 0.580273 0.025000 0.023047
0 0.226562 0.673633 0.033594 0.026953
0 0.229492 0.710156 0.030859 0.026562
0 0.235352 0.744727 0.034766 0.028516
0 0.234766 0.782422 0.035156 0.029687
0 0.232422 0.818555 0.040625 0.030078
0 0.225977 0.862891 0.040234 0.032031
0 0.382227 0.355664 0.036328 0.029297
0 0.385937 0.421875 0.036719 0.031250
0 0.382422 0.457422 0.039062 0.035156
0 0.379688 0.492383 0.039062 0.035547
0 0.383984 0.635742 0.038281 0.027734
0 0.383984 0.676758 0.036719 0.030859
0 0.387695 0.721875 0.027734 0.029687
0 0.388086 0.767383 0.037891 0.033203
0 0.384766 0.853125 0.040625 0.033594
0 0.513867 0.387891 0.030859 0.031250
0 0.465625 0.409375 0.038281 0.034375
0 0.468555 0.526172 0.035547 0.027344
0 0.468164 0.569922 0.044141 0.035156
0 0.467578 0.743945 0.037500 0.031641
0 0.470703 0.815820 0.035937 0.028516
0 0.471875 0.853125 0.032813 0.028125
0 0.470508 0.887500 0.035547 0.028125
0 0.708789 0.345117 0.035547 0.026172
0 0.780469 0.283594 0.032031 0.027344
0 0.620313 0.379688 0.037500 0.026562
0 0.708008 0.379492 0.037891 0.027734
0 0.709766 0.416211 0.032031 0.027734
0 0.709766 0.524414 0.039062 0.025391
0 0.617188 0.554883 0.028906 0.027734
0 0.620117 0.589648 0.033984 0.026172
0 0.711328 0.560352 0.035156 0.025391
0 0.712891 0.591211 0.035156 0.026953
0 0.709180 0.642578 0.029297 0.030469
0 0.705664 0.679102 0.034766 0.024609
0 0.705664 0.714648 0.037891 0.025391
0 0.702344 0.751367 0.035937 0.026172
0 0.707227 0.822266 0.035547 0.028125
0 0.709180 0.859570 0.036328 0.028516
0 0.622266 0.715234 0.038281 0.025000
0 0.620703 0.752539 0.037500 0.026953
0 0.621680 0.787305 0.041016 0.025391
0 0.621680 0.858984 0.039453 0.026562
0 0.943555 0.348633 0.029297 0.024609
0 0.954688 0.411133 0.031250 0.024609
0 0.857812 0.416211 0.033594 0.023828
0 0.949805 0.476367 0.029297 0.024609
0 0.857227 0.514648 0.033203 0.022266
0 0.858984 0.545117 0.035156 0.020703
0 0.952344 0.537305 0.034375 0.023047
0 0.953711 0.568750 0.031641 0.021094
0 0.948828 0.627734 0.031250 0.032813
0 0.946875 0.760938 0.031250 0.028125
0 0.947461 0.794531 0.029297 0.021875
0 0.859375 0.792969 0.027344 0.029687
0 0.810742 0.865430 0.022266 0.038672
0 0.935352 0.891211 0.025391 0.029297
0 0.497461 0.206445 0.028516 0.026172
0 0.850391 0.083398 0.022656 0.018359
