0 0.121680 0.051562 0.051172 0.049219
0 0.249414 0.171289 0.040234 0.027734
0 0.264453 0.224219 0.037500 0.028906
0 0.373828 0.152148 0.060156 0.050391
0 0.399414 0.213672 0.044141 0.046094
0 0.434180 0.323047 0.048047 0.046875
0 0.297266 0.323828 0.035156 0.027344
0 0.314063 0.372656 0.035156 0.028125
0 0.450000 0.377344 0.049219 0.046094
0 0.467773 0.434375 0.058984 0.048438
0 0.485938 0.487305 0.048438 0.044922
0 0.347852 0.468750 0.032422 0.025000
0 0.329883 0.420508 0.033203 0.028516
0 0.389648 0.567187 0.016797 0.014844
0 0.398633 0.618945 0.033203 0.026953
0 0.477930 0.660156 0.046484 0.049219
0 0.540234 0.652148 0.060156 0.046484
0 0.588477 0.847852 0.029297 0.026172
0 0.457617 0.866797 0.038672 0.025781
0 0.465430 0.904687 0.029297 0.024219
0 0.477734 0.934375 0.030469 0.023438
0 0.622852 0.940234 0.037109 0.022656
0 0.631641 0.972852 0.030469 0.022266
