0 0.088086 0.285547 0.062109 0.057031
0 0.227344 0.278906 0.032031 0.030469
0 0.204297 0.334570 0.058594 0.051953
0 0.180664 0.388477 0.051172 0.050391
0 0.171680 0.442188 0.031641 0.029687
0 0.280859 0.446680 0.060937 0.051172
0 0.339062 0.334570 0.060156 0.048047
0 0.365430 0.281836 0.058984 0.048047
0 0.406445 0.246484 0.029297 0.037500
0 0.424023 0.341602 0.049609 0.066797
0 0.515039 0.330859 0.029297 0.030469
0 0.497070 0.409766 0.023047 0.028906
0 0.529883 0.423438 0.028516 0.025781
0 0.431250 0.470898 0.029687 0.026172
0 0.680273 0.551758 0.031641 0.038672
0 0.805664 0.878906 0.048047 0.043750
0 0.903711 0.881250 0.037109 0.048438
0 0.710352 0.968945 0.025391 0.030859
0 0.834766 0.260742 0.021875 0.029297
0 0.874414 0.318164 0.023047 0.027734
0 0.828125 0.405859 0.025781 0.025781
0 0.725781 0.170508 0.024219 0.027734
0 0.836133 0.150000 0.035547 0.031250
0 0.853125 0.075391 0.036719 0.031250
0 0.727344 0.058203 0.023438 0.024219
1 0.904492 0.008984 0.030078 0.017969
0 0.551367 0.272070 0.033984 0.027734
