1 0.296680 0.009570 0.037109 0.019141
1 0.368359 0.010547 0.042188 0.019531
1 0.481836 0.009570 0.037891 0.018359
1 0.855859 0.008203 0.022656 0.016406
1 0.889453 0.008008 0.018750 0.016016
1 0.925000 0.006055 0.023438 0.012109
0 0.290039 0.177930 0.036328 0.030859
0 0.365625 0.174219 0.036719 0.036719
0 0.447266 0.176172 0.036719 0.035156
0 0.483984 0.175000 0.033594 0.032813
0 0.520898 0.175391 0.031641 0.035937
0 0.640430 0.175781 0.032422 0.035937
0 0.676367 0.177148 0.033984 0.033984
0 0.710547 0.175391 0.032813 0.036719
0 0.790430 0.177344 0.030078 0.033594
0 0.833008 0.181250 0.029297 0.033594
0 0.836523 0.281445 0.031641 0.037891
0 0.801758 0.281445 0.032422 0.031641
0 0.714648 0.278320 0.030859 0.035547
0 0.676953 0.278906 0.032031 0.034375
0 0.639453 0.292578 0.034375 0.031250
0 0.553516 0.296484 0.034375 0.035156
0 0.628320 0.392578 0.038672 0.032031
0 0.480664 0.277539 0.033203 0.033984
0 0.444727 0.277734 0.029297 0.032813
0 0.364258 0.276758 0.029297 0.034766
0 0.327930 0.275977 0.033203 0.035547
0 0.288867 0.278711 0.036328 0.033203
0 0.330664 0.504492 0.042578 0.037109
0 0.172852 0.573438 0.031641 0.030469
0 0.250195 0.575195 0.036328 0.032422
0 0.481055 0.574414 0.031641 0.034766
0 0.535742 0.571094 0.036328 0.035937
0 0.682031 0.575391 0.033594 0.036719
0 0.765625 0.575781 0.032031 0.035937
0 0.892969 0.578906 0.025000 0.032031
0 0.868945 0.707422 0.025391 0.028906
0 0.983594 0.712891 0.025781 0.030469
0 0.759570 0.709570 0.035547 0.041016
0 0.713672 0.705273 0.034375 0.044141
0 0.466406 0.701953 0.054688 0.050781
0 0.372656 0.704883 0.035156 0.033984
0 0.332031 0.706836 0.031250 0.037109
0 0.281055 0.702930 0.035547 0.034766
0 0.206641 0.709180 0.029687 0.037109
0 0.169141 0.707031 0.032813 0.037500
