0 0.947266 0.393164 0.050000 0.052734
0 0.783594 0.458594 0.046094 0.045312
0 0.536719 0.387109 0.031250 0.036719
0 0.659180 0.470117 0.034766 0.026172
0 0.661523 0.320312 0.033203 0.022656
0 0.657031 0.573828 0.056250 0.050000
0 0.661914 0.678320 0.033984 0.029297
0 0.479883 0.550195 0.019922 0.016016
0 0.487500 0.645312 0.027344 0.021094
0 0.486523 0.677344 0.023828 0.017969
0 0.486133 0.705664 0.024609 0.019922
0 0.483008 0.769336 0.030078 0.028516
0 0.476172 0.802344 0.032813 0.027344
0 0.400586 0.765430 0.030078 0.028516
0 0.405664 0.697070 0.025391 0.016016
0 0.348438 0.475977 0.025781 0.019141
0 0.234766 0.792578 0.027344 0.026562
0 0.397266 0.396094 0.023438 0.021094
0 0.487109 0.268750 0.022656 0.017969
0 0.482031 0.313867 0.023438 0.019922
0 0.489453 0.335742 0.021875 0.020703
0 0.394336 0.326367 0.024609 0.020703
0 0.396484 0.350195 0.024219 0.019922
0 0.079883 0.183789 0.033203 0.028516
0 0.305078 0.398828 0.031250 0.028906
0 0.108398 0.766211 0.026172 0.039453
0 0.247461 0.663477 0.029297 0.030078
0 0.246680 0.697070 0.033203 0.023828
0 0.162500 0.693164 0.036719 0.032422
0 0.243555 0.250586 0.033984 0.029297
0 0.254688 0.312891 0.032031 0.027344
0 0.250195 0.376758 0.030078 0.025391
0 0.251367 0.437305 0.033203 0.024609
0 0.253320 0.469141 0.030859 0.028125
0 0.156250 0.316016 0.037500 0.026562
0 0.155078 0.414453 0.035937 0.026562
0 0.157812 0.443555 0.036719 0.025391
1 0.014844 0.245508 0.027344 0.028516
1 0.013086 0.281250 0.025391 0.028125
1 0.012891 0.315430 0.025781 0.034766
1 0.015625 0.425195 0.031250 0.032422
1 0.016016 0.461719 0.032031 0.026562
1 0.015625 0.491797 0.031250 0.028125
1 0.012305 0.544922 0.024609 0.031250
1 0.011328 0.580664 0.022656 0.030859
1 0.012695 0.614648 0.025391 0.029297
1 0.011328 0.650781 0.022656 0.032813
1 0.012891 0.723242 0.025781 0.033984
1 0.014063 0.759180 0.028125 0.032422
