0 0.948242 0.061719 0.027734 0.025000
0 0.737695 0.156445 0.068359 0.070703
0 0.614453 0.086133 0.032813 0.029297
0 0.704883 0.294531 0.070703 0.071094
0 0.891016 0.316211 0.036719 0.035547
0 0.598242 0.212305 0.028516 0.035547
0 0.907617 0.541211 0.033984 0.038672
0 0.875977 0.420312 0.054297 0.060156
0 0.822070 0.448633 0.055078 0.063672
0 0.553711 0.479883 0.062891 0.056641
0 0.328125 0.354492 0.046094 0.034766
0 0.359180 0.410156 0.054297 0.043750
0 0.422266 0.516406 0.054688 0.051562
0 0.578906 0.646875 0.038281 0.032031
0 0.384766 0.635156 0.042188 0.038281
0 0.468359 0.696484 0.038281 0.032813
0 0.484766 0.814648 0.044531 0.035547
0 0.121484 0.641602 0.050000 0.044922
0 0.262695 0.739062 0.054297 0.046094
0 0.273633 0.798828 0.043359 0.036719
0 0.590234 0.817578 0.031250 0.021094
0 0.586719 0.845898 0.029687 0.020703
0 0.590625 0.871875 0.029687 0.016406
0 0.416797 0.858008 0.028906 0.027734
