0 0.620508 0.077539 0.055859 0.053516
0 0.597461 0.211133 0.030078 0.034766
0 0.558398 0.225781 0.030859 0.036719
0 0.770312 0.294141 0.050781 0.066406
0 0.703516 0.295117 0.071094 0.071484
0 0.526367 0.414258 0.065234 0.066797
0 0.553711 0.477734 0.063672 0.053125
0 0.565234 0.540430 0.046094 0.040234
0 0.422070 0.514844 0.037109 0.030469
0 0.900195 0.104102 0.022266 0.032422
1 0.902148 0.481836 0.058203 0.067578
0 0.660156 0.678320 0.034375 0.042578
0 0.748633 0.766797 0.066016 0.057813
0 0.754883 0.919336 0.033203 0.028516
0 0.592383 0.815820 0.032422 0.028516
0 0.593359 0.895508 0.032031 0.024609
0 0.598437 0.945898 0.025781 0.024609
0 0.467969 0.696875 0.050000 0.045312
0 0.510742 0.931641 0.026953 0.022656
0 0.503320 0.879492 0.033203 0.022266
0 0.496094 0.850000 0.028906 0.021094
0 0.266016 0.737305 0.057031 0.054297
0 0.103516 0.417773 0.043750 0.037891
0 0.098242 0.529492 0.031641 0.032422
0 0.120703 0.640039 0.053125 0.047266
0 0.118359 0.703906 0.057813 0.054688
0 0.056445 0.659766 0.042578 0.039844
0 0.102344 0.868164 0.051562 0.048828
1 0.006836 0.409375 0.013672 0.022656
