0 0.042578 0.072266 0.032813 0.030469
0 0.220117 0.183398 0.042578 0.044141
0 0.261328 0.210352 0.030469 0.028516
0 0.296680 0.219336 0.021484 0.027734
0 0.316992 0.223828 0.018359 0.017969
0 0.332813 0.242578 0.020313 0.021094
0 0.333594 0.261523 0.013281 0.015234
0 0.317578 0.267773 0.020313 0.022266
0 0.362305 0.255273 0.020703 0.023047
0 0.386133 0.272070 0.020703 0.023047
0 0.374219 0.294922 0.020313 0.021875
0 0.411719 0.284766 0.017969 0.019531
0 0.427148 0.286719 0.016797 0.013281
0 0.404102 0.303125 0.016016 0.018750
0 0.432422 0.298047 0.020313 0.019531
0 0.424023 0.314453 0.014453 0.014844
0 0.489453 0.334570 0.018750 0.019141
0 0.481250 0.353711 0.013281 0.016797
0 0.505859 0.342383 0.018750 0.019922
0 0.523438 0.353906 0.019531 0.021875
0 0.508594 0.380469 0.017969 0.019531
0 0.647266 0.445898 0.028906 0.026953
0 0.707617 0.333398 0.029297 0.024609
0 0.739648 0.276758 0.031641 0.024609
1 0.006055 0.041992 0.011328 0.024609
1 0.987109 0.300586 0.026562 0.044141
0 0.968164 0.348047 0.044141 0.041406
0 0.933398 0.406641 0.042578 0.041406
0 0.761328 0.521484 0.057031 0.050781
