0 0.958203 0.441211 0.072656 0.084766
0 0.888867 0.402539 0.040234 0.047266
0 0.744141 0.343555 0.060156 0.066016
0 0.688086 0.316797 0.041797 0.043750
0 0.712500 0.414648 0.042969 0.039453
0 0.761719 0.522852 0.060156 0.051172
0 0.709570 0.491797 0.064453 0.072656
0 0.702930 0.636914 0.037109 0.044141
0 0.643945 0.626367 0.058203 0.065234
0 0.578516 0.592383 0.068750 0.069922
0 0.360938 0.435352 0.038281 0.038672
0 0.304492 0.400781 0.051172 0.041406
0 0.251367 0.428711 0.048828 0.037891
0 0.217773 0.476172 0.040234 0.030469
0 0.371875 0.507617 0.073438 0.066797
0 0.339844 0.581250 0.075000 0.064062
0 0.465039 0.637500 0.075391 0.067187
0 0.447266 0.713477 0.074219 0.061328
0 0.314648 0.645312 0.041016 0.036719
0 0.285547 0.700391 0.071094 0.067187
0 0.281836 0.775000 0.080078 0.067969
0 0.248047 0.881055 0.084375 0.085547
0 0.200977 0.538867 0.069922 0.062891
0 0.146484 0.648438 0.076563 0.067969
0 0.055664 0.604492 0.051953 0.038672
0 0.030469 0.658984 0.042969 0.037500
0 0.122656 0.700195 0.049219 0.037109
0 0.102734 0.764258 0.084375 0.069922
0 0.072656 0.831445 0.076563 0.066016
1 0.014844 0.705664 0.029687 0.063672
