0 0.037109 0.174023 0.066406 0.071484
0 0.125000 0.172461 0.064844 0.073828
0 0.244336 0.218359 0.057422 0.056250
0 0.146484 0.256445 0.071875 0.062891
0 0.141406 0.429883 0.071875 0.064453
0 0.248633 0.501563 0.055859 0.046875
0 0.284766 0.439258 0.065625 0.058984
0 0.314063 0.366797 0.061719 0.055469
0 0.347070 0.294727 0.066016 0.058203
0 0.392188 0.229687 0.068750 0.058594
0 0.541992 0.362500 0.072266 0.060156
0 0.614453 0.302930 0.072656 0.060547
0 0.630078 0.217773 0.071875 0.062109
0 0.666602 0.142187 0.058203 0.052344
0 0.758398 0.355469 0.065234 0.064844
0 0.780078 0.444336 0.037500 0.038672
0 0.827539 0.453711 0.037109 0.044922
0 0.813281 0.605859 0.056250 0.061719
0 0.757422 0.603125 0.039062 0.042969
0 0.902539 0.612891 0.066797 0.064062
0 0.580273 0.639258 0.058203 0.060547
0 0.547852 0.695117 0.033984 0.033984
0 0.487305 0.716016 0.063672 0.063281
0 0.369922 0.706641 0.066406 0.063281
0 0.354492 0.586719 0.056641 0.046094
0 0.308008 0.834375 0.030859 0.039062
0 0.359961 0.858203 0.052734 0.060937
0 0.479297 0.857812 0.036719 0.042188
0 0.538672 0.886719 0.040625 0.035156
0 0.567969 0.932031 0.040625 0.041406
0 0.603906 0.964648 0.027344 0.032422
0 0.655664 0.960938 0.038672 0.036719
0 0.702148 0.968164 0.037109 0.041797
0 0.750977 0.966992 0.037891 0.037891
0 0.887500 0.976172 0.037500 0.040625
0 0.840820 0.973047 0.032422 0.040625
0 0.799023 0.801953 0.045703 0.037500
0 0.748047 0.738281 0.036719 0.038281
0 0.900781 0.872070 0.032813 0.037109
