0 0.235547 0.119141 0.032031 0.028125
0 0.249414 0.170508 0.030859 0.023047
0 0.267383 0.218359 0.044922 0.033594
0 0.314063 0.371094 0.046094 0.036719
0 0.330078 0.418359 0.035156 0.029687
0 0.347852 0.468359 0.028516 0.023438
0 0.390820 0.617773 0.038672 0.028516
0 0.411719 0.668750 0.033594 0.027344
0 0.425195 0.717578 0.040234 0.025781
0 0.541992 0.650195 0.034766 0.027734
0 0.521875 0.592969 0.047656 0.041406
0 0.493555 0.486523 0.034766 0.026953
0 0.450977 0.376758 0.045703 0.040234
0 0.433789 0.324805 0.051953 0.044922
0 0.422656 0.264844 0.028125 0.021875
0 0.395703 0.211914 0.052344 0.038672
0 0.508398 0.051172 0.029297 0.031250
1 0.663281 0.010352 0.035156 0.020703
