1 0.986133 0.644922 0.026172 0.047656
0 0.930664 0.599414 0.052734 0.051953
0 0.920312 0.412109 0.054688 0.052344
0 0.955664 0.355273 0.051172 0.051953
1 0.980469 0.302148 0.038281 0.046484
0 0.649414 0.458594 0.053516 0.053125
0 0.699414 0.333008 0.028516 0.023828
0 0.750391 0.249414 0.028906 0.023828
0 0.659375 0.234570 0.028125 0.024609
0 0.548438 0.396680 0.050781 0.053516
0 0.499805 0.383008 0.016016 0.021484
0 0.504883 0.361719 0.011328 0.012500
0 0.518750 0.349414 0.013281 0.014453
0 0.504687 0.344727 0.013281 0.014453
0 0.487500 0.335938 0.017969 0.021875
0 0.474609 0.356250 0.017969 0.022656
0 0.425977 0.285547 0.011328 0.012500
0 0.414453 0.296289 0.013281 0.015234
0 0.429297 0.296680 0.014063 0.016016
0 0.420312 0.314844 0.011719 0.013281
0 0.405664 0.313086 0.014453 0.019141
0 0.375586 0.278906 0.024609 0.029687
0 0.351562 0.258984 0.020313 0.021094
0 0.320312 0.257031 0.014063 0.015625
0 0.307422 0.225391 0.017188 0.021875
0 0.292578 0.225000 0.013281 0.017188
0 0.291797 0.209766 0.013281 0.017188
0 0.279297 0.232031 0.013281 0.014844
0 0.254297 0.210352 0.024219 0.027734
0 0.171094 0.154688 0.024219 0.031250
0 0.121289 0.133008 0.043359 0.053516
