0 0.122852 0.099609 0.051953 0.050000
0 0.452930 0.207813 0.062109 0.050781
0 0.898047 0.161328 0.047656 0.040625
0 0.498242 0.297461 0.019922 0.016797
0 0.475781 0.279883 0.017969 0.023047
0 0.450781 0.270117 0.021094 0.023047
0 0.320117 0.214844 0.022266 0.017969
0 0.280078 0.233594 0.017188 0.023438
0 0.305273 0.249219 0.021484 0.018750
0 0.238672 0.221094 0.050000 0.053906
0 0.196875 0.236133 0.032031 0.044141
0 0.175000 0.265625 0.033594 0.027344
0 0.064453 0.191797 0.048438 0.054688
0 0.355078 0.395117 0.033594 0.038672
0 0.313477 0.373633 0.030078 0.038672
0 0.274023 0.352344 0.030859 0.036719
0 0.229297 0.334961 0.044531 0.048828
0 0.047070 0.342773 0.046484 0.048828
0 0.363086 0.527539 0.028516 0.029297
0 0.339648 0.555273 0.027734 0.032422
0 0.315234 0.582422 0.027344 0.029687
0 0.264062 0.573633 0.047656 0.051172
0 0.209375 0.545898 0.046875 0.062109
0 0.158203 0.516211 0.047656 0.062109
0 0.105078 0.490430 0.047656 0.056641
0 0.050000 0.465625 0.044531 0.055469
0 0.043359 0.585938 0.048438 0.060156
1 0.010547 0.429297 0.021094 0.053906
0 0.664062 0.548242 0.030469 0.028516
0 0.669727 0.511719 0.034766 0.025781
0 0.683398 0.476953 0.035547 0.028125
0 0.706250 0.441406 0.035156 0.026562
0 0.667969 0.385352 0.029687 0.030859
0 0.626172 0.371875 0.030469 0.046094
0 0.604492 0.400391 0.028516 0.036719
0 0.598047 0.431836 0.029687 0.026953
0 0.579102 0.475391 0.029297 0.038281
0 0.540039 0.466797 0.026953 0.035156
0 0.507422 0.450586 0.027344 0.032422
0 0.983398 0.600586 0.028516 0.029297
0 0.916992 0.563672 0.037109 0.025781
0 0.903711 0.522461 0.044141 0.037109
0 0.834961 0.487695 0.028516 0.037891
0 0.806836 0.517969 0.032422 0.034375
0 0.903516 0.699023 0.027344 0.033984
0 0.866602 0.691992 0.021484 0.033203
0 0.769727 0.685352 0.027734 0.028516
0 0.762695 0.780469 0.033984 0.035937
0 0.844141 0.947266 0.035937 0.038281
0 0.762500 0.896484 0.019531 0.029687
0 0.725000 0.870898 0.027344 0.038672
0 0.685156 0.850195 0.028906 0.042578
0 0.366211 0.976758 0.064453 0.040234
