0 0.927930 0.932031 0.037891 0.026562
0 0.905469 0.915039 0.025000 0.023047
0 0.888281 0.883984 0.033594 0.021094
0 0.869336 0.860547 0.036328 0.024219
0 0.842187 0.841406 0.025000 0.028125
0 0.820312 0.821875 0.026562 0.032813
0 0.797070 0.796875 0.027734 0.033594
0 0.764453 0.787500 0.024219 0.032813
0 0.731250 0.784180 0.026562 0.027734
0 0.690234 0.777930 0.025781 0.034766
0 0.848828 0.758984 0.031250 0.026562
0 0.648633 0.681836 0.029297 0.029297
0 0.685547 0.686523 0.027344 0.032422
0 0.716016 0.675977 0.027344 0.027734
0 0.752930 0.678320 0.026953 0.029297
0 0.789453 0.676367 0.025000 0.026953
0 0.827148 0.661328 0.030859 0.037500
0 0.856250 0.638281 0.023438 0.028125
0 0.957617 0.656055 0.026172 0.033984
0 0.976953 0.627539 0.028125 0.026953
0 0.886719 0.574414 0.030469 0.021484
0 0.901758 0.540234 0.036328 0.028125
0 0.928320 0.391016 0.050391 0.037500
0 0.926172 0.353125 0.035937 0.026562
0 0.914062 0.322266 0.034375 0.024219
0 0.923633 0.281250 0.033203 0.027344
0 0.889258 0.264648 0.029297 0.026953
0 0.868359 0.240430 0.028906 0.029297
0 0.840820 0.213672 0.029297 0.027344
0 0.815430 0.188086 0.027734 0.033203
0 0.781836 0.175000 0.036328 0.039062
0 0.740234 0.177539 0.028125 0.031641
0 0.710352 0.177344 0.023047 0.026562
0 0.685547 0.118945 0.035156 0.026953
0 0.648633 0.147852 0.029297 0.029297
0 0.398828 0.824609 0.025781 0.030469
0 0.368555 0.817383 0.027734 0.031641
0 0.334180 0.825195 0.026953 0.031641
0 0.296094 0.817578 0.025000 0.031250
0 0.255078 0.822266 0.028125 0.033594
0 0.212500 0.818164 0.049219 0.051172
0 0.171484 0.821094 0.025000 0.030469
0 0.132422 0.812891 0.042188 0.047656
0 0.076563 0.583398 0.028906 0.018359
0 0.087500 0.610938 0.028125 0.018750
0 0.100391 0.635938 0.025000 0.021094
0 0.125000 0.653711 0.021094 0.025391
0 0.386523 0.755273 0.030859 0.018359
0 0.378516 0.732031 0.025781 0.019531
0 0.391797 0.706445 0.025000 0.018359
0 0.355273 0.666211 0.023828 0.026172
0 0.325781 0.661328 0.021875 0.025000
0 0.300195 0.662891 0.020703 0.025781
0 0.275977 0.659961 0.018359 0.019922
0 0.212500 0.610156 0.021875 0.020313
0 0.233789 0.626758 0.023828 0.019141
0 0.256836 0.638672 0.021484 0.023438
0 0.147852 0.476367 0.029297 0.019922
0 0.135352 0.452930 0.028516 0.018359
0 0.131445 0.426758 0.027734 0.019922
0 0.141992 0.403516 0.030078 0.018750
0 0.134961 0.374023 0.027734 0.022266
0 0.066992 0.356836 0.026172 0.018359
0 0.153516 0.353320 0.032031 0.019922
0 0.159570 0.331836 0.032422 0.017578
0 0.159570 0.308984 0.026953 0.025000
0 0.174219 0.289844 0.022656 0.022656
0 0.186523 0.267578 0.028516 0.018750
0 0.192383 0.239453 0.024609 0.016406
0 0.224414 0.203320 0.019922 0.028516
0 0.248438 0.192383 0.021094 0.024609
0 0.266797 0.179883 0.021875 0.026172
0 0.289258 0.169922 0.016797 0.026562
0 0.316602 0.162891 0.017578 0.027344
0 0.344336 0.156836 0.018359 0.026172
0 0.397070 0.152734 0.018359 0.025781
0 0.423047 0.146484 0.017188 0.024219
0 0.374414 0.117578 0.023828 0.022656
0 0.216602 0.098047 0.017578 0.023438
0 0.202148 0.175781 0.016016 0.027344
0 0.182031 0.174805 0.017188 0.024609
0 0.162891 0.172461 0.016406 0.024609
0 0.143164 0.169922 0.015234 0.024219
0 0.119922 0.172266 0.017969 0.021094
0 0.110742 0.191016 0.026172 0.017188
0 0.104883 0.211328 0.022266 0.015625
0 0.121289 0.230469 0.020703 0.018750
0 0.150195 0.234766 0.023047 0.015625
