0 0.537500 0.083984 0.032031 0.026562
0 0.495312 0.195898 0.027344 0.033203
0 0.682227 0.205664 0.029297 0.019141
0 0.280664 0.208984 0.019141 0.022656
0 0.234375 0.515430 0.034375 0.024609
0 0.238867 0.549609 0.031641 0.026562
0 0.230859 0.637891 0.034375 0.025781
0 0.229297 0.675000 0.036719 0.028906
0 0.332422 0.653711 0.020313 0.025391
0 0.235937 0.783984 0.036719 0.025781
0 0.234961 0.819531 0.033984 0.025000
0 0.233789 0.864258 0.036328 0.026172
0 0.236328 0.908203 0.035156 0.025781
0 0.332422 0.751563 0.031250 0.039062
0 0.330469 0.874805 0.038281 0.046484
0 0.388281 0.814648 0.037500 0.028516
0 0.386523 0.855273 0.037109 0.031641
0 0.383789 0.461914 0.038672 0.032422
0 0.470703 0.348242 0.035156 0.026172
0 0.468555 0.411914 0.039453 0.030859
0 0.475781 0.631250 0.032813 0.026562
0 0.470898 0.744727 0.038672 0.030078
0 0.524609 0.799609 0.028906 0.039062
0 0.523828 0.880664 0.031250 0.037891
0 0.568164 0.401562 0.026953 0.032031
0 0.619922 0.485742 0.038281 0.025391
0 0.617383 0.556250 0.033984 0.030469
0 0.624805 0.788086 0.042578 0.025391
0 0.622656 0.861133 0.041406 0.026172
0 0.622656 0.898047 0.041406 0.025781
0 0.711523 0.417969 0.038672 0.027344
0 0.711523 0.525977 0.038672 0.027734
0 0.715234 0.562500 0.036719 0.024219
0 0.763867 0.573242 0.027734 0.028516
0 0.709570 0.680469 0.036328 0.023438
0 0.708594 0.717773 0.036719 0.024609
0 0.705469 0.752734 0.038281 0.025000
0 0.708594 0.789258 0.036719 0.025391
0 0.710938 0.825586 0.036719 0.026172
0 0.711523 0.861523 0.039453 0.023047
0 0.713477 0.895508 0.033203 0.024609
0 0.764062 0.912109 0.025781 0.039844
0 0.859180 0.449219 0.035547 0.022656
0 0.958008 0.412891 0.030859 0.027344
0 0.860938 0.546680 0.033594 0.022266
0 0.861719 0.697461 0.030469 0.026172
0 0.861914 0.761914 0.031641 0.025391
0 0.865625 0.862109 0.030469 0.025781
0 0.875000 0.895312 0.032813 0.028125
0 0.098047 0.974414 0.038281 0.024609
0 0.231641 0.373633 0.020313 0.015234
