0 0.900195 0.173242 0.042578 0.048047
0 0.827930 0.137891 0.055859 0.064844
0 0.732617 0.403711 0.032422 0.031641
0 0.702539 0.035937 0.053516 0.059375
0 0.652148 0.040234 0.051172 0.060937
1 0.632422 0.013477 0.047656 0.026953
0 0.727344 0.509570 0.026562 0.032422
0 0.776367 0.566992 0.048828 0.058203
0 0.079883 0.570312 0.059766 0.046094
0 0.234570 0.755859 0.046484 0.057031
0 0.292969 0.786719 0.055469 0.058594
0 0.127734 0.687109 0.057031 0.056250
0 0.057422 0.645508 0.044531 0.051172
0 0.200391 0.915625 0.045312 0.055469
0 0.255469 0.948438 0.044531 0.053125
0 0.025000 0.811719 0.050000 0.064062
