0 0.502539 0.063867 0.029297 0.030078
1 0.732422 0.006055 0.017188 0.012109
0 0.744336 0.175977 0.029297 0.034766
0 0.673242 0.177344 0.033203 0.038281
0 0.552148 0.177930 0.030078 0.033984
0 0.517578 0.174219 0.032031 0.036719
0 0.445117 0.176172 0.035547 0.038281
0 0.399219 0.175195 0.030469 0.036328
0 0.364258 0.176367 0.030859 0.037891
0 0.326758 0.175977 0.030078 0.037109
0 0.714453 0.279102 0.032031 0.032422
0 0.637695 0.292773 0.031641 0.035547
0 0.513867 0.276172 0.033203 0.035156
0 0.479883 0.278906 0.031641 0.035937
0 0.401758 0.277930 0.030859 0.032422
0 0.362695 0.279492 0.031641 0.036328
0 0.326758 0.276172 0.035547 0.034375
0 0.982812 0.574023 0.017969 0.026172
0 0.928320 0.576562 0.032422 0.041406
0 0.893945 0.576758 0.031641 0.041016
0 0.840430 0.575195 0.030078 0.036328
0 0.803125 0.576758 0.031250 0.036328
0 0.765234 0.576562 0.032031 0.038281
0 0.720313 0.573438 0.031250 0.042969
0 0.682617 0.574609 0.033203 0.040625
0 0.646094 0.573242 0.031250 0.047266
0 0.535352 0.571484 0.031641 0.036719
0 0.480859 0.572656 0.032813 0.039844
0 0.381836 0.440234 0.033203 0.032031
0 0.445312 0.572266 0.032813 0.039844
0 0.399805 0.571680 0.031641 0.040234
0 0.364258 0.573242 0.032422 0.038672
0 0.326367 0.571875 0.036328 0.042188
0 0.289258 0.569531 0.033203 0.041406
0 0.251953 0.573047 0.035156 0.040625
0 0.206445 0.570898 0.030859 0.037891
0 0.171875 0.570703 0.032031 0.036719
0 0.984180 0.713086 0.020703 0.030078
0 0.956445 0.709961 0.024609 0.027734
0 0.927539 0.711133 0.024609 0.028516
0 0.894922 0.708203 0.031250 0.032813
0 0.840430 0.707812 0.031641 0.032813
0 0.803125 0.709961 0.032031 0.033984
0 0.759961 0.714063 0.037891 0.046094
0 0.713672 0.703711 0.038281 0.043359
0 0.655078 0.705469 0.055469 0.057813
0 0.668555 0.770508 0.035547 0.033203
0 0.527344 0.696484 0.035156 0.047656
0 0.466797 0.701953 0.053906 0.053906
0 0.406445 0.707617 0.031641 0.036328
0 0.369141 0.706836 0.031250 0.038672
0 0.330273 0.708594 0.032422 0.036719
0 0.280469 0.703320 0.032031 0.032422
0 0.242188 0.704297 0.032813 0.036719
0 0.206641 0.707422 0.035156 0.036719
0 0.171289 0.705859 0.030859 0.032031
