0 0.123633 0.162305 0.068359 0.082422
0 0.145508 0.250586 0.076172 0.067578
0 0.130859 0.341797 0.082812 0.067969
0 0.308789 0.188867 0.065234 0.071484
0 0.667383 0.143945 0.074609 0.059766
0 0.443750 0.158008 0.074219 0.062109
0 0.387305 0.224414 0.072266 0.063672
0 0.341602 0.290430 0.074609 0.064453
0 0.311328 0.363086 0.067187 0.060547
0 0.282031 0.434570 0.076563 0.066016
0 0.620117 0.209180 0.066797 0.055859
0 0.582031 0.279102 0.081250 0.065234
0 0.542188 0.360156 0.083594 0.078906
0 0.487891 0.429297 0.073438 0.067969
0 0.834375 0.350977 0.064062 0.076172
0 0.920117 0.456250 0.039453 0.049219
0 0.732617 0.441797 0.040234 0.042188
0 0.747070 0.600195 0.058203 0.075391
0 0.660352 0.516211 0.073047 0.068359
0 0.650586 0.595117 0.066016 0.073828
0 0.580469 0.635938 0.058594 0.067187
0 0.810156 0.740820 0.041406 0.044922
0 0.717578 0.740039 0.041406 0.044922
0 0.899414 0.871289 0.030859 0.037891
0 0.804102 0.861328 0.036328 0.050000
0 0.756055 0.859766 0.041016 0.047656
0 0.712109 0.860938 0.033594 0.036719
0 0.792188 0.969531 0.042969 0.049219
0 0.486719 0.711328 0.060937 0.076563
0 0.427344 0.709766 0.043750 0.050781
0 0.414844 0.856055 0.036719 0.040234
0 0.358789 0.857031 0.055859 0.067969
0 0.306641 0.828711 0.032031 0.040234
1 0.433594 0.984375 0.044531 0.030469
