0 0.038281 0.164844 0.075781 0.071875
0 0.035352 0.268359 0.069922 0.067969
0 0.033789 0.380859 0.067578 0.064844
0 0.030664 0.475000 0.060547 0.066406
0 0.040039 0.568945 0.079297 0.069141
0 0.036719 0.651563 0.073438 0.068750
0 0.033594 0.731250 0.067187 0.067187
0 0.028320 0.808984 0.040234 0.039062
0 0.408398 0.164453 0.070703 0.064062
0 0.408984 0.258008 0.072656 0.067578
0 0.238086 0.259375 0.081641 0.068750
0 0.244141 0.370312 0.070312 0.067187
0 0.416406 0.365430 0.079687 0.070703
0 0.409961 0.461133 0.075391 0.073047
0 0.243359 0.485156 0.071094 0.064062
0 0.411914 0.565430 0.072266 0.066797
0 0.237891 0.570898 0.064062 0.063672
0 0.241211 0.648438 0.069141 0.066406
0 0.241016 0.727930 0.048438 0.038672
0 0.416016 0.650781 0.071875 0.068750
0 0.413086 0.803711 0.058203 0.052734
0 0.615234 0.384375 0.069531 0.064062
0 0.777539 0.564453 0.067578 0.062500
0 0.623047 0.699805 0.079687 0.087109
0 0.781445 0.723633 0.077734 0.071484
0 0.780273 0.826953 0.066797 0.079687
0 0.701172 0.824219 0.068750 0.070312
0 0.037695 0.163672 0.074609 0.071875
1 0.033398 0.268164 0.066797 0.069922
0 0.033203 0.379883 0.065625 0.066797
0 0.029102 0.473242 0.058203 0.066016
0 0.037695 0.566992 0.074609 0.070703
0 0.037695 0.651758 0.075391 0.069922
0 0.033398 0.730273 0.066797 0.065234
0 0.028125 0.808594 0.042969 0.039844
0 0.240625 0.725586 0.050000 0.039453
0 0.412695 0.805273 0.059766 0.053516
0 0.239844 0.648438 0.071875 0.065625
0 0.415820 0.650977 0.071484 0.066016
0 0.239258 0.569727 0.065234 0.064453
0 0.410742 0.565039 0.072266 0.066797
0 0.243164 0.483594 0.070703 0.065625
0 0.410938 0.460352 0.078125 0.069141
0 0.243555 0.370312 0.070703 0.062500
0 0.416211 0.366797 0.080078 0.069531
0 0.235937 0.258594 0.082812 0.070312
0 0.410547 0.259180 0.073438 0.066797
0 0.409961 0.164844 0.071484 0.066406
0 0.614844 0.384766 0.069531 0.067969
0 0.778125 0.564844 0.069531 0.063281
0 0.621875 0.700586 0.079687 0.086328
0 0.782031 0.722852 0.076563 0.070703
0 0.699805 0.824219 0.069922 0.073438
0 0.779687 0.827539 0.068750 0.078516
