0 0.368164 0.269336 0.040234 0.040234
0 0.244336 0.249805 0.048047 0.041016
0 0.231836 0.298633 0.055078 0.042578
0 0.339844 0.366406 0.050781 0.045312
0 0.199805 0.417578 0.041797 0.053125
0 0.282813 0.438281 0.023438 0.028906
0 0.171680 0.530859 0.041016 0.047656
0 0.257031 0.547070 0.021875 0.029297
0 0.283203 0.605859 0.029687 0.023438
0 0.143945 0.648242 0.052734 0.057422
0 0.273438 0.653125 0.046094 0.042188
0 0.488477 0.607617 0.037891 0.044141
0 0.580273 0.630664 0.023047 0.028516
0 0.692773 0.661328 0.041016 0.053125
0 0.642383 0.650391 0.042578 0.056250
0 0.811328 0.739844 0.049219 0.048438
0 0.732031 0.840039 0.040625 0.042578
0 0.539844 0.684180 0.043750 0.041797
0 0.535352 0.729102 0.032422 0.030078
0 0.366016 0.735352 0.046094 0.044141
0 0.258789 0.703516 0.026953 0.023438
0 0.245703 0.752930 0.051562 0.044141
0 0.237891 0.803320 0.042188 0.034766
0 0.340234 0.834375 0.043750 0.042969
0 0.511328 0.822656 0.049219 0.044531
0 0.603906 0.903320 0.049219 0.048047
0 0.922266 0.772070 0.041406 0.041016
0 0.971484 0.729688 0.027344 0.028906
0 0.907422 0.823828 0.041406 0.039844
0 0.896484 0.872266 0.048438 0.044531
0 0.884766 0.923047 0.053125 0.043750
0 0.759766 0.940820 0.051562 0.045703
0 0.785742 0.688086 0.018359 0.023828
0 0.979297 0.537500 0.023438 0.022656
1 0.983594 0.973242 0.029687 0.052734
