0 0.327344 0.135352 0.042188 0.051953
0 0.533203 0.167383 0.053125 0.056641
0 0.376758 0.314844 0.049609 0.045312
0 0.323828 0.405664 0.052344 0.041797
0 0.295703 0.448047 0.050000 0.041406
0 0.411719 0.505273 0.024219 0.027734
0 0.477734 0.535547 0.022656 0.025781
0 0.509766 0.570312 0.021875 0.025000
0 0.548828 0.563477 0.021875 0.026953
0 0.566602 0.604688 0.022266 0.025000
0 0.658984 0.581250 0.022656 0.028906
0 0.661328 0.634570 0.021094 0.024609
0 0.747266 0.693555 0.030469 0.037891
0 0.835547 0.750781 0.023438 0.028906
0 0.882227 0.775391 0.023047 0.029687
0 0.355859 0.583984 0.045312 0.040625
0 0.335352 0.623242 0.027734 0.024609
0 0.924023 0.852148 0.029297 0.025391
0 0.897070 0.896875 0.031641 0.025000
0 0.870703 0.944141 0.050000 0.040625
0 0.555469 0.025195 0.022656 0.029297
0 0.583594 0.041602 0.022656 0.028516
0 0.630078 0.066211 0.013281 0.016016
1 0.992773 0.864648 0.019922 0.033984
