0 0.280078 0.215625 0.078906 0.075000
0 0.362500 0.186328 0.075000 0.082031
0 0.447656 0.156445 0.071094 0.080859
0 0.527734 0.124219 0.057813 0.074219
0 0.611523 0.093750 0.068359 0.082031
0 0.685352 0.066992 0.061328 0.067578
0 0.754492 0.039648 0.060547 0.072266
0 0.548047 0.307812 0.042969 0.051562
0 0.484766 0.400000 0.044531 0.035937
0 0.161523 0.586523 0.073828 0.070703
1 0.018555 0.653516 0.036328 0.057813
0 0.043359 0.858594 0.036719 0.040625
0 0.092578 0.854102 0.030469 0.039453
0 0.195703 0.808008 0.032813 0.041797
0 0.242773 0.792773 0.040234 0.036328
0 0.206055 0.917969 0.046484 0.039844
0 0.445312 0.492969 0.032031 0.042969
0 0.484766 0.475586 0.037500 0.046484
0 0.525000 0.467969 0.036719 0.042188
0 0.648438 0.312305 0.035156 0.054297
0 0.630664 0.417187 0.037891 0.053125
0 0.675586 0.404297 0.039453 0.042969
0 0.745117 0.335938 0.051953 0.040625
0 0.765430 0.280078 0.073828 0.069531
0 0.795703 0.211328 0.066406 0.064062
0 0.830078 0.160352 0.050781 0.039453
0 0.859375 0.102930 0.050781 0.039453
0 0.945117 0.148242 0.075391 0.064453
0 0.924414 0.203125 0.048828 0.037500
0 0.902148 0.264062 0.089453 0.067969
0 0.869531 0.329492 0.078125 0.066797
1 0.983398 0.039648 0.030859 0.058203
0 0.566016 0.446094 0.035937 0.049219
