1 0.734961 0.007031 0.024609 0.012500
1 0.691211 0.008594 0.020703 0.017188
0 0.708789 0.175586 0.033984 0.035547
0 0.554102 0.172852 0.034766 0.040234
0 0.482422 0.172461 0.033594 0.033984
0 0.364453 0.172266 0.031250 0.038281
0 0.326172 0.173828 0.035156 0.036719
0 0.713281 0.277148 0.032813 0.037891
0 0.637695 0.292578 0.030859 0.030469
0 0.553125 0.293164 0.030469 0.036328
0 0.515430 0.273047 0.033203 0.038281
0 0.479297 0.274805 0.028125 0.035547
0 0.173047 0.567187 0.031250 0.040625
0 0.206836 0.568164 0.030859 0.043359
0 0.535156 0.571680 0.031250 0.038672
0 0.481836 0.573438 0.030078 0.039062
0 0.445703 0.572656 0.032031 0.035937
0 0.401172 0.572070 0.030469 0.040234
0 0.364453 0.571289 0.030469 0.041016
0 0.326367 0.569922 0.033984 0.043750
0 0.291406 0.566602 0.030469 0.044141
0 0.252539 0.570703 0.033203 0.043750
0 0.982617 0.574023 0.016797 0.029297
0 0.958398 0.573828 0.016016 0.025781
0 0.927539 0.576172 0.027734 0.040625
0 0.893750 0.575781 0.028906 0.038281
0 0.840820 0.575781 0.029297 0.034375
0 0.802734 0.575000 0.029687 0.037500
0 0.765234 0.575781 0.035156 0.038281
0 0.718750 0.573633 0.031250 0.040234
0 0.683984 0.572461 0.033594 0.044922
0 0.646875 0.573438 0.036719 0.047656
0 0.985742 0.710938 0.020703 0.024219
0 0.956836 0.711719 0.020703 0.028125
0 0.928516 0.710938 0.024219 0.027344
0 0.896875 0.709766 0.023438 0.025000
0 0.947266 0.909570 0.039062 0.022266
0 0.841016 0.710742 0.028906 0.035547
0 0.805469 0.711719 0.028125 0.041406
0 0.758594 0.712891 0.035156 0.047656
0 0.714063 0.703320 0.032813 0.048828
0 0.657422 0.704297 0.055469 0.055469
0 0.466016 0.697461 0.053125 0.056641
0 0.628711 0.767969 0.042578 0.033594
0 0.524023 0.770117 0.039453 0.048828
0 0.406445 0.706055 0.031641 0.041016
0 0.330664 0.705469 0.030078 0.037500
0 0.280078 0.700977 0.030469 0.035547
0 0.242578 0.700781 0.033594 0.034375
0 0.206055 0.702539 0.033203 0.037891
0 0.172852 0.704883 0.034766 0.033203
0 0.750586 0.455664 0.027734 0.019922
