0 0.914453 0.197852 0.039062 0.040234
0 0.820508 0.219141 0.037109 0.042969
0 0.397852 0.046680 0.033984 0.036328
0 0.309180 0.139844 0.051172 0.048438
0 0.288672 0.183203 0.023438 0.021875
0 0.304297 0.329883 0.028125 0.023047
0 0.718359 0.263867 0.019531 0.019922
0 0.785937 0.319336 0.023438 0.026172
0 0.254297 0.420898 0.048438 0.039453
0 0.235352 0.464844 0.048828 0.039844
0 0.221875 0.511328 0.025781 0.023438
0 0.112500 0.598242 0.027344 0.022266
0 0.738672 0.472852 0.027344 0.022266
0 0.825586 0.443164 0.024609 0.021484
0 0.845313 0.463281 0.026562 0.021094
0 0.741602 0.523633 0.028516 0.024609
0 0.882812 0.546680 0.038281 0.044141
0 0.569336 0.587305 0.024609 0.020703
0 0.253125 0.650000 0.035156 0.042188
0 0.175000 0.687500 0.022656 0.029687
0 0.111914 0.642773 0.028516 0.022266
0 0.474609 0.835352 0.042969 0.037109
0 0.603711 0.871289 0.042578 0.035547
0 0.584570 0.915625 0.044141 0.035937
0 0.184961 0.811719 0.026953 0.023438
0 0.965625 0.031055 0.021094 0.023828
