0 0.261914 0.233789 0.036328 0.033984
0 0.237695 0.282617 0.055078 0.047266
0 0.210938 0.333594 0.055469 0.051562
0 0.369141 0.263867 0.030469 0.026953
0 0.367773 0.300195 0.030078 0.030078
0 0.312695 0.386914 0.061328 0.053516
0 0.183008 0.386328 0.061328 0.052344
0 0.281055 0.444922 0.051953 0.046875
0 0.205859 0.469531 0.029687 0.031250
0 0.371484 0.544922 0.031250 0.032031
0 0.534961 0.418555 0.030078 0.030859
0 0.615820 0.637305 0.029297 0.035547
0 0.758984 0.501563 0.050781 0.050000
0 0.762305 0.402734 0.031641 0.037500
0 0.856055 0.226367 0.029297 0.034766
0 0.681445 0.685352 0.026953 0.034766
0 0.759961 0.751563 0.030859 0.034375
0 0.818555 0.871289 0.024609 0.021484
0 0.896289 0.895508 0.031641 0.039453
0 0.731641 0.052148 0.030469 0.030859
0 0.764844 0.075781 0.022656 0.029687
0 0.800586 0.094336 0.027734 0.034766
0 0.839648 0.145898 0.035547 0.030859
0 0.684766 0.149609 0.030469 0.039062
0 0.725195 0.169531 0.037109 0.047656
0 0.761133 0.187891 0.024609 0.031250
0 0.726367 0.289844 0.032422 0.035156
0 0.735352 0.327344 0.029297 0.026562
0 0.725000 0.358594 0.028906 0.032813
0 0.696484 0.383203 0.025000 0.030469
0 0.920898 0.104492 0.014453 0.014453
