0 0.255469 0.175586 0.035156 0.040234
0 0.363867 0.174609 0.033984 0.039844
0 0.402930 0.175195 0.033984 0.038672
0 0.483789 0.173633 0.033203 0.033984
0 0.675000 0.175000 0.033594 0.036719
0 0.648633 0.066211 0.038672 0.034766
0 0.714063 0.278320 0.033594 0.038672
0 0.836328 0.281055 0.033594 0.041016
0 0.638867 0.294531 0.033984 0.030469
0 0.442383 0.280664 0.033203 0.035547
0 0.363086 0.279102 0.031641 0.032422
0 0.326953 0.279297 0.032813 0.033594
0 0.928320 0.515820 0.035547 0.040234
0 0.983984 0.573047 0.020313 0.027344
0 0.957617 0.573828 0.020703 0.028125
0 0.893945 0.578125 0.023047 0.028125
0 0.840820 0.576172 0.026172 0.030469
0 0.767773 0.573633 0.032422 0.039453
0 0.720313 0.575391 0.033594 0.038281
0 0.648633 0.573438 0.033203 0.037500
0 0.537109 0.572461 0.029687 0.036328
0 0.483203 0.574219 0.029687 0.034375
0 0.446094 0.571289 0.034375 0.037891
0 0.401562 0.571094 0.029687 0.038281
0 0.363281 0.573047 0.030469 0.038281
0 0.327539 0.572266 0.037109 0.046094
0 0.370117 0.705859 0.031641 0.035156
0 0.407422 0.706836 0.032031 0.035547
0 0.467383 0.701758 0.054297 0.050391
0 0.528711 0.698438 0.035547 0.045312
0 0.714258 0.704102 0.030859 0.034766
0 0.757031 0.777930 0.035937 0.051953
0 0.896875 0.708203 0.026562 0.029687
0 0.983789 0.712109 0.021484 0.030469
0 0.207813 0.573242 0.032031 0.035547
0 0.173633 0.570508 0.030078 0.037109
0 0.169922 0.706445 0.034375 0.038672
0 0.206836 0.708203 0.029297 0.035937
0 0.241992 0.705859 0.033203 0.036719
0 0.280273 0.705078 0.033203 0.035937
1 0.635156 0.986133 0.039844 0.025391
