0 0.173437 0.684961 0.036719 0.046484
0 0.213867 0.671289 0.033203 0.042578
0 0.251953 0.649414 0.027344 0.036328
0 0.138086 0.567773 0.033984 0.036328
0 0.820898 0.017188 0.027734 0.025000
0 0.788086 0.098242 0.042578 0.041016
0 0.959375 0.160742 0.025781 0.026172
0 0.783398 0.202344 0.021484 0.032031
0 0.749023 0.188867 0.025391 0.033203
0 0.305273 0.331641 0.029297 0.021875
0 0.585547 0.915625 0.050000 0.041406
0 0.475391 0.837109 0.048438 0.040625
0 0.109961 0.644141 0.034766 0.024219
0 0.255664 0.421484 0.048047 0.042188
0 0.191602 0.433594 0.026172 0.028906
0 0.219531 0.508398 0.048438 0.038672
0 0.179297 0.543555 0.037500 0.041797
0 0.705664 0.283984 0.022266 0.020313
0 0.832031 0.456836 0.028125 0.025391
0 0.833789 0.498828 0.026953 0.021094
0 0.739648 0.472070 0.028516 0.026172
0 0.689258 0.660742 0.027734 0.026172
0 0.632422 0.465820 0.046094 0.039453
0 0.569727 0.586328 0.024609 0.022656
