0 0.799805 0.578516 0.076172 0.082812
0 0.702148 0.497656 0.046484 0.056250
0 0.955664 0.436133 0.035547 0.048047
0 0.879883 0.406250 0.048047 0.057031
0 0.621875 0.298438 0.046875 0.057813
0 0.668164 0.399609 0.033984 0.033594
0 0.631250 0.465625 0.057813 0.063281
0 0.633398 0.628906 0.058984 0.072656
0 0.571094 0.592773 0.063281 0.069141
0 0.460156 0.637695 0.066406 0.062891
0 0.439063 0.717578 0.071875 0.065625
0 0.643945 0.952930 0.076172 0.062109
0 0.066016 0.832617 0.067969 0.064453
0 0.095312 0.766602 0.073438 0.066016
0 0.199414 0.701562 0.033984 0.039844
0 0.142187 0.651367 0.061719 0.058203
0 0.052148 0.604883 0.044141 0.032422
0 0.075000 0.549805 0.042188 0.034766
0 0.167383 0.593164 0.037109 0.035547
0 0.333008 0.582617 0.069922 0.062109
0 0.375391 0.516211 0.039844 0.035547
0 0.193555 0.538672 0.062109 0.059375
0 0.212695 0.480273 0.044141 0.033984
0 0.246289 0.428516 0.032422 0.033594
0 0.302734 0.399805 0.045312 0.037109
0 0.355273 0.436523 0.033203 0.047266
1 0.266602 0.986328 0.034766 0.027344
1 0.221484 0.992383 0.023438 0.014453
0 0.279102 0.775977 0.070703 0.060547
