0 0.556445 0.187500 0.035547 0.039844
0 0.651172 0.115820 0.031250 0.037891
0 0.691992 0.076172 0.050391 0.052344
0 0.743750 0.044531 0.034375 0.038281
0 0.721680 0.271289 0.051172 0.053516
0 0.632031 0.393750 0.056250 0.050000
0 0.615625 0.460156 0.054688 0.056250
0 0.618750 0.534180 0.069531 0.059766
0 0.369922 0.491211 0.067969 0.051953
0 0.298633 0.379297 0.038672 0.037500
0 0.224219 0.334180 0.047656 0.058984
0 0.111719 0.623242 0.032813 0.044922
0 0.227344 0.580664 0.053906 0.055078
0 0.387695 0.564648 0.061328 0.061328
0 0.398633 0.640820 0.071484 0.065234
0 0.400977 0.709375 0.062891 0.055469
0 0.415430 0.767578 0.054297 0.046094
0 0.425781 0.892773 0.061719 0.057422
0 0.256250 0.806250 0.057813 0.057813
0 0.639062 0.688477 0.067187 0.073047
0 0.624219 0.613086 0.065625 0.057422
0 0.793555 0.631250 0.062109 0.051562
0 0.660937 0.780273 0.039062 0.036328
0 0.673242 0.874219 0.044922 0.037500
0 0.823047 0.877148 0.064062 0.059766
