0 0.480273 0.089453 0.046484 0.056250
0 0.559570 0.183398 0.048828 0.052734
0 0.454883 0.243555 0.047266 0.050391
0 0.361328 0.224219 0.050000 0.042969
0 0.349023 0.303125 0.048828 0.060156
0 0.287500 0.340234 0.046875 0.057031
0 0.239648 0.372852 0.038672 0.048828
0 0.189453 0.404297 0.046094 0.054688
0 0.744141 0.449023 0.031250 0.032422
0 0.461719 0.414062 0.054688 0.052344
0 0.492578 0.467969 0.053125 0.053906
0 0.522266 0.518359 0.060156 0.049219
0 0.556250 0.573828 0.049219 0.049219
0 0.585352 0.625000 0.058203 0.051562
0 0.613477 0.675586 0.058984 0.051172
0 0.641992 0.725586 0.051172 0.046484
0 0.678516 0.786719 0.049219 0.050781
0 0.945117 0.796484 0.037891 0.049219
0 0.729688 0.913086 0.064062 0.051953
