0 0.620508 0.074609 0.058984 0.053125
0 0.897656 0.099219 0.024219 0.031250
0 0.768555 0.289453 0.052734 0.065625
0 0.702344 0.291406 0.070312 0.071094
0 0.597266 0.205078 0.028906 0.031250
0 0.557227 0.221680 0.032422 0.036328
0 0.525781 0.411523 0.064844 0.065234
0 0.551758 0.473438 0.061328 0.057813
0 0.419141 0.510547 0.035937 0.030469
0 0.564648 0.535156 0.045703 0.039062
0 0.902539 0.476758 0.058984 0.066797
0 0.657617 0.673633 0.037109 0.043359
0 0.746289 0.763086 0.066797 0.057422
0 0.467383 0.692773 0.051172 0.045703
0 0.494336 0.850586 0.033984 0.023047
0 0.587891 0.811328 0.033594 0.022656
0 0.591797 0.890625 0.033594 0.024219
0 0.512305 0.926953 0.027734 0.020313
0 0.596094 0.941602 0.027344 0.019141
0 0.752344 0.914648 0.032031 0.027734
0 0.265039 0.733203 0.058984 0.057031
0 0.101172 0.414258 0.043750 0.035547
0 0.095312 0.523633 0.031250 0.032422
0 0.118945 0.636523 0.050391 0.044922
0 0.054297 0.654102 0.042969 0.037109
0 0.117773 0.700977 0.058984 0.055078
0 0.099609 0.861719 0.055469 0.046094
1 0.006250 0.405664 0.012500 0.019922
0 0.503906 0.876563 0.030469 0.021875
